1 1  1.000000000000000e+36
1 5 -3.320369104854363e-14
5 1 -3.320369104854363e-14
1 6 -1.112228782437502e-13
6 1 -1.112228782437502e-13
1 7  1.333333320000077e+03
7 1  1.333333320000077e+03
1 11 -4.743384457190510e-15
11 1 -4.743384457190510e-15
1 12 -1.588898267888616e-14
12 1 -1.588898267888616e-14
1 67 -1.066666651733349e+04
67 1 -1.066666651733349e+04
1 71  3.794707550573414e-14
71 1  3.794707550573414e-14
1 72  1.271118609226363e-13
72 1  1.271118609226363e-13
2 2  1.000000000000000e+36
2 4  1.128923731707101e-14
4 2  1.128923731707101e-14
2 6  6.799989375016393e+01
6 2  6.799989375016393e+01
2 8  4.533326204677925e+02
8 2  4.533326204677925e+02
2 10  1.612748195525668e-15
10 2  1.612748195525668e-15
2 12 -2.266663125005477e+01
12 2 -2.266663125005477e+01
2 68 -3.626660949235495e+03
68 2 -3.626660949235495e+03
2 70 -1.290198551259668e-14
70 2 -1.290198551259668e-14
2 72  9.066652500021635e+01
72 2  9.066652500021635e+01
3 3  1.000000000000000e+36
3 4  6.988575481996342e-15
4 3  6.988575481996342e-15
3 5 -6.799989375016393e+01
5 3 -6.799989375016393e+01
3 9  4.533326204677925e+02
9 3  4.533326204677925e+02
3 10  9.983679305635087e-16
10 3  9.983679305635087e-16
3 11  2.266663125005477e+01
11 3  2.266663125005477e+01
3 69 -3.626660949235495e+03
69 3 -3.626660949235495e+03
3 70 -7.986943412559851e-15
70 3 -7.986943412559851e-15
3 71 -9.066652500021635e+01
71 3 -9.066652500021635e+01
4 4  1.000000000000000e+36
4 5 -1.497551910820696e-16
5 4 -1.497551910820696e-16
4 6  2.419122317479586e-16
6 4  2.419122317479586e-16
4 8  1.612748195525668e-15
8 4  1.612748195525668e-15
4 9  9.983679305635087e-16
9 4  9.983679305635087e-16
4 10  3.004444414400122e+00
10 4  3.004444414400122e+00
4 11  4.991839702735682e-17
11 4  4.991839702735682e-17
4 12 -8.063741058265332e-17
12 4 -8.063741058265332e-17
4 68 -1.290198551259668e-14
68 4 -1.290198551259668e-14
4 69 -7.986943412559849e-15
69 4 -7.986943412559849e-15
4 70 -2.403555521905772e+01
70 4 -2.403555521905772e+01
4 71 -1.996735881094213e-16
71 4 -1.996735881094213e-16
4 72  3.225496423306036e-16
72 4  3.225496423306036e-16
5 5  1.000000000000000e+36
5 6  3.238150441305593e-16
6 5  3.238150441305593e-16
5 7 -4.743384457190511e-15
7 5 -4.743384457190511e-15
5 9 -2.266663125005514e+01
9 5 -2.266663125005514e+01
5 10 -4.991839702735765e-17
10 5 -4.991839702735765e-17
5 11  3.688890017442888e+00
11 5  3.688890017442888e+00
5 12  4.625929223012467e-17
12 5  4.625929223012467e-17
5 67  3.794707550573414e-14
67 5  3.794707550573414e-14
5 69  9.066652500021907e+01
69 5  9.066652500021907e+01
5 70  1.996735881094273e-16
70 5  1.996735881094273e-16
5 71 -3.404444628057473e+01
71 5 -3.404444628057473e+01
5 72 -3.700743363606840e-16
72 5 -3.700743363606840e-16
6 6  1.000000000000000e+36
6 7 -1.588898267888616e-14
7 6 -1.588898267888616e-14
6 8  2.266663125005514e+01
8 6  2.266663125005514e+01
6 10  8.063741058265467e-17
10 6  8.063741058265467e-17
6 11  4.625929223012467e-17
11 6  4.625929223012467e-17
6 12  3.688890017442888e+00
12 6  3.688890017442888e+00
6 67  1.271118609226363e-13
67 6  1.271118609226363e-13
6 68 -9.066652500021907e+01
68 6 -9.066652500021907e+01
6 70 -3.225496423306133e-16
70 6 -3.225496423306133e-16
6 71 -3.700743363606840e-16
71 6 -3.700743363606840e-16
6 72 -3.404444628057473e+01
72 6 -3.404444628057473e+01
7 7  1.866666557600027e+04
7 11 -6.640737918464957e-14
11 7 -6.640737918464957e-14
7 12 -2.224457467316662e-13
12 7 -2.224457467316662e-13
7 13  1.333333306666756e+03
13 7  1.333333306666756e+03
7 17 -4.743384409756708e-15
17 7 -4.743384409756708e-15
7 18 -1.588898251999647e-14
18 7 -1.588898251999647e-14
7 67 -1.066666660266682e+04
67 7 -1.066666660266682e+04
7 71  3.794707580931074e-14
71 7  3.794707580931074e-14
7 72  1.271118619395312e-13
72 7  1.271118619395312e-13
7 73 -1.066666560000028e+04
73 7 -1.066666560000028e+04
7 77  3.794707224228606e-14
77 7  3.794707224228606e-14
7 78  1.271118499910177e-13
78 7  1.271118499910177e-13
8 8  6.346656379188340e+03
8 10  2.257847364391167e-14
10 8  2.257847364391167e-14
8 12 -2.196998138970230e-11
12 8 -2.196998138970230e-11
8 14  4.533326159344563e+02
14 8  4.533326159344563e+02
8 16  1.612748179398150e-15
16 8  1.612748179398150e-15
8 18 -2.266663125005047e+01
18 8 -2.266663125005047e+01
8 68 -3.626660978248871e+03
68 8 -3.626660978248871e+03
8 70 -1.290198561581288e-14
70 8 -1.290198561581288e-14
8 72 -9.066652500021937e+01
72 8 -9.066652500021937e+01
8 74 -3.626660637341718e+03
74 8 -3.626660637341718e+03
8 76 -1.290198440302260e-14
76 8 -1.290198440302260e-14
8 78  9.066652500018478e+01
78 8  9.066652500018478e+01
9 9  6.346656379188340e+03
9 10  1.397715035099294e-14
10 9  1.397715035099294e-14
9 11  2.196998138970230e-11
11 9  2.196998138970230e-11
9 15  4.533326159344563e+02
15 9  4.533326159344563e+02
9 16  9.983679205798069e-16
16 9  9.983679205798069e-16
9 17  2.266663125005047e+01
17 9  2.266663125005047e+01
9 69 -3.626660978248871e+03
69 9 -3.626660978248871e+03
9 70 -7.986943476455595e-15
70 9 -7.986943476455595e-15
9 71  9.066652500021937e+01
71 9  9.066652500021937e+01
9 75 -3.626660637341718e+03
75 9 -3.626660637341718e+03
9 76 -7.986942725680657e-15
76 9 -7.986942725680657e-15
9 77 -9.066652500018478e+01
77 9 -9.066652500018478e+01
10 10  4.206221976458655e+01
10 11  4.839168615465144e-29
11 10  4.839168615465144e-29
10 12 -7.819583723003280e-29
12 10 -7.819583723003280e-29
10 14  1.612748179398150e-15
14 10  1.612748179398150e-15
10 15  9.983679205798071e-16
15 10  9.983679205798071e-16
10 16  3.004444384355704e+00
16 10  3.004444384355704e+00
10 17  4.991839702734734e-17
17 10  4.991839702734734e-17
10 18 -8.063741058263801e-17
18 10 -8.063741058263801e-17
10 68 -1.290198561581288e-14
68 10 -1.290198561581288e-14
10 69 -7.986943476455595e-15
69 10 -7.986943476455595e-15
10 70 -2.403555541134215e+01
70 10 -2.403555541134215e+01
10 71  1.996735881094279e-16
71 10  1.996735881094279e-16
10 72 -3.225496423306144e-16
72 10 -3.225496423306144e-16
10 74 -1.290198440302260e-14
74 10 -1.290198440302260e-14
10 75 -7.986942725680657e-15
75 10 -7.986942725680657e-15
10 76 -2.403555315200023e+01
76 10 -2.403555315200023e+01
10 77 -1.996735881093518e-16
77 10 -1.996735881093518e-16
10 78  3.225496423304913e-16
78 10  3.225496423304913e-16
11 11  6.524443624685205e+01
11 12  6.476300598579168e-16
12 11  6.476300598579168e-16
11 13 -4.743384409756708e-15
13 11 -4.743384409756708e-15
11 15 -2.266663125005803e+01
15 11 -2.266663125005803e+01
11 16 -4.991839702736400e-17
16 11 -4.991839702736400e-17
11 17  3.688889965442963e+00
17 11  3.688889965442963e+00
11 18  4.625929176753215e-17
18 11  4.625929176753215e-17
11 67  3.794707580931074e-14
67 11  3.794707580931074e-14
11 69 -9.066652500022056e+01
69 11 -9.066652500022056e+01
11 70 -1.996735881094306e-16
70 11 -1.996735881094306e-16
11 71 -3.404444658919683e+01
71 11 -3.404444658919683e+01
11 72 -3.700743393212785e-16
72 11 -3.700743393212785e-16
11 73  3.794707224228606e-14
73 11  3.794707224228606e-14
11 75  9.066652500020187e+01
75 11  9.066652500020187e+01
11 76  1.996735881093894e-16
76 11  1.996735881093894e-16
11 77 -3.404444297799853e+01
77 11 -3.404444297799853e+01
11 78 -3.700743045342951e-16
78 11 -3.700743045342951e-16
12 12  6.524443624685205e+01
12 13 -1.588898251999647e-14
13 12 -1.588898251999647e-14
12 14  2.266663125005803e+01
14 12  2.266663125005803e+01
12 16  8.063741058266492e-17
16 12  8.063741058266492e-17
12 17  4.625929176753215e-17
17 12  4.625929176753215e-17
12 18  3.688889965442963e+00
18 12  3.688889965442963e+00
12 67  1.271118619395312e-13
67 12  1.271118619395312e-13
12 68  9.066652500022056e+01
68 12  9.066652500022056e+01
12 70  3.225496423306186e-16
70 12  3.225496423306186e-16
12 71 -3.700743393212785e-16
71 12 -3.700743393212785e-16
12 72 -3.404444658919683e+01
72 12 -3.404444658919683e+01
12 73  1.271118499910177e-13
73 12  1.271118499910177e-13
12 74 -9.066652500020187e+01
74 12 -9.066652500020187e+01
12 76 -3.225496423305521e-16
76 12 -3.225496423305521e-16
12 77 -3.700743045342951e-16
77 12 -3.700743045342951e-16
12 78 -3.404444297799853e+01
78 12 -3.404444297799853e+01
13 13  1.866666809333360e+04
13 17 -6.640738814015951e-14
17 13 -6.640738814015951e-14
13 18 -2.224457767300658e-13
18 13 -2.224457767300658e-13
13 19  1.333333213333462e+03
19 13  1.333333213333462e+03
13 23 -4.743384077719933e-15
23 13 -4.743384077719933e-15
13 24 -1.588898140776814e-14
24 13 -1.588898140776814e-14
13 73 -1.066666730666688e+04
73 13 -1.066666730666688e+04
13 77  3.794707831381796e-14
77 13  3.794707831381796e-14
13 78  1.271118703289148e-13
78 13  1.271118703289148e-13
13 79 -1.066666730666694e+04
79 13 -1.066666730666694e+04
13 83  3.794707831381818e-14
83 13  3.794707831381818e-14
13 84  1.271118703289156e-13
84 13  1.271118703289156e-13
14 14  6.346657235083011e+03
14 16  2.257847668878980e-14
16 14  2.257847668878980e-14
14 18  1.648459146963432e-12
18 14  1.648459146963432e-12
14 20  4.533325842010867e+02
20 14  4.533325842010867e+02
14 22  1.612748066505470e-15
22 14  1.612748066505470e-15
14 24 -2.266663125005637e+01
24 14 -2.266663125005637e+01
14 74 -3.626661217609266e+03
74 14 -3.626661217609266e+03
14 76 -1.290198646734667e-14
76 14 -1.290198646734667e-14
14 78 -9.066652500024527e+01
78 14 -9.066652500024527e+01
14 80 -3.626661217609288e+03
80 14 -3.626661217609288e+03
14 82 -1.290198646734675e-14
82 14 -1.290198646734675e-14
14 84  9.066652500025187e+01
84 14  9.066652500025187e+01
15 15  6.346657235083011e+03
15 16  1.397715223591750e-14
16 15  1.397715223591750e-14
15 17 -1.648459146963432e-12
17 15 -1.648459146963432e-12
15 21  4.533325842010867e+02
21 15  4.533325842010867e+02
15 22  9.983678506938624e-16
22 15  9.983678506938624e-16
15 23  2.266663125005637e+01
23 15  2.266663125005637e+01
15 75 -3.626661217609266e+03
75 15 -3.626661217609266e+03
15 76 -7.986944003595561e-15
76 15 -7.986944003595561e-15
15 77  9.066652500024527e+01
77 15  9.066652500024527e+01
15 81 -3.626661217609288e+03
81 15 -3.626661217609288e+03
15 82 -7.986944003595606e-15
82 15 -7.986944003595606e-15
15 83 -9.066652500025187e+01
83 15 -9.066652500025187e+01
16 16  4.206222543697766e+01
16 17 -3.648481686647180e-30
17 16 -3.648481686647180e-30
16 18  5.916456789157589e-30
18 16  5.916456789157589e-30
16 20  1.612748066505470e-15
20 16  1.612748066505470e-15
16 21  9.983678506938624e-16
21 16  9.983678506938624e-16
16 22  3.004444174044682e+00
22 16  3.004444174044682e+00
16 23  4.991839702736036e-17
23 16  4.991839702736036e-17
16 24 -8.063741058265904e-17
24 16 -8.063741058265904e-17
16 74 -1.290198646734667e-14
74 16 -1.290198646734667e-14
16 75 -7.986944003595559e-15
75 16 -7.986944003595559e-15
16 76 -2.403555699768895e+01
76 16 -2.403555699768895e+01
16 77  1.996735881094849e-16
77 16  1.996735881094849e-16
16 78 -3.225496423307064e-16
78 16 -3.225496423307064e-16
16 80 -1.290198646734675e-14
80 16 -1.290198646734675e-14
16 81 -7.986944003595608e-15
81 16 -7.986944003595608e-15
16 82 -2.403555699768909e+01
82 16 -2.403555699768909e+01
16 83 -1.996735881094995e-16
83 16 -1.996735881094995e-16
16 84  3.225496423307300e-16
84 16  3.225496423307300e-16
17 17  6.524444429645365e+01
17 18  6.476301471954614e-16
18 17  6.476301471954614e-16
17 19 -4.743384077719933e-15
19 17 -4.743384077719933e-15
17 21 -2.266663125004221e+01
21 17 -2.266663125004221e+01
17 22 -4.991839702732917e-17
22 17 -4.991839702732917e-17
17 23  3.688889601443343e+00
23 17  3.688889601443343e+00
17 24  4.625928852938303e-17
24 17  4.625928852938303e-17
17 73  3.794707831381796e-14
73 17  3.794707831381796e-14
17 75 -9.066652500023210e+01
75 17 -9.066652500023210e+01
17 76 -1.996735881094560e-16
76 17 -1.996735881094560e-16
17 77 -3.404444915044046e+01
77 17 -3.404444915044046e+01
17 78 -3.700743637461872e-16
78 17 -3.700743637461872e-16
17 79  3.794707831381818e-14
79 17  3.794707831381818e-14
17 81  9.066652500022549e+01
81 17  9.066652500022549e+01
17 82  1.996735881094414e-16
82 17  1.996735881094414e-16
17 83 -3.404444925621796e+01
83 17 -3.404444925621796e+01
17 84 -3.700743637461894e-16
84 17 -3.700743637461894e-16
18 18  6.524444429645365e+01
18 19 -1.588898140776814e-14
19 18 -1.588898140776814e-14
18 20  2.266663125004221e+01
20 18  2.266663125004221e+01
18 22  8.063741058260866e-17
22 18  8.063741058260866e-17
18 23  4.625928852938303e-17
23 18  4.625928852938303e-17
18 24  3.688889601443343e+00
24 18  3.688889601443343e+00
18 73  1.271118703289148e-13
73 18  1.271118703289148e-13
18 74  9.066652500023210e+01
74 18  9.066652500023210e+01
18 76  3.225496423306597e-16
76 18  3.225496423306597e-16
18 77 -3.700743637461871e-16
77 18 -3.700743637461871e-16
18 78 -3.404444915044046e+01
78 18 -3.404444915044046e+01
18 79  1.271118703289156e-13
79 18  1.271118703289156e-13
18 80 -9.066652500022549e+01
80 18 -9.066652500022549e+01
18 82 -3.225496423306361e-16
82 18 -3.225496423306361e-16
18 83 -3.700743637461893e-16
83 18 -3.700743637461893e-16
18 84 -3.404444925621796e+01
84 18 -3.404444925621796e+01
19 19  1.866666158666823e+04
19 23 -6.640736499244774e-14
23 19 -6.640736499244774e-14
19 24 -2.224456991918450e-13
24 19 -2.224456991918450e-13
19 25  1.333333413333575e+03
25 19  1.333333413333575e+03
19 29 -4.743384789228011e-15
29 19 -4.743384789228011e-15
19 30 -1.588898379111692e-14
30 19 -1.588898379111692e-14
19 79 -1.066666410666752e+04
79 19 -1.066666410666752e+04
19 83  3.794706692969743e-14
83 19  3.794706692969743e-14
19 84  1.271118321953637e-13
84 19  1.271118321953637e-13
19 85 -1.066666410666775e+04
85 19 -1.066666410666775e+04
19 89  3.794706692969824e-14
89 19  3.794706692969824e-14
19 90  1.271118321953664e-13
90 19  1.271118321953664e-13
20 20  6.346655022813327e+03
20 22  2.257846881855551e-14
22 20  2.257846881855551e-14
20 24 -3.595346242946107e-12
24 20 -3.595346242946107e-12
20 26  4.533326522012315e+02
26 20  4.533326522012315e+02
20 28  1.612748308418595e-15
28 20  1.612748308418595e-15
20 30 -2.266663125004574e+01
30 20 -2.266663125004574e+01
20 80 -3.626660129607785e+03
80 20 -3.626660129607785e+03
20 82 -1.290198259673965e-14
82 20 -1.290198259673965e-14
20 84 -9.066652500013855e+01
84 20 -9.066652500013855e+01
20 86 -3.626660129607861e+03
86 20 -3.626660129607861e+03
20 88 -1.290198259673992e-14
88 20 -1.290198259673992e-14
20 90  9.066652500012434e+01
90 20  9.066652500012434e+01
21 21  6.346655022813327e+03
21 22  1.397714736386769e-14
22 21  1.397714736386769e-14
21 23  3.595346242946107e-12
23 21  3.595346242946107e-12
21 27  4.533326522012315e+02
27 21  4.533326522012315e+02
21 28  9.983680004496062e-16
28 21  9.983680004496062e-16
21 29  2.266663125004574e+01
29 21  2.266663125004574e+01
21 81 -3.626660129607785e+03
81 21 -3.626660129607785e+03
21 82 -7.986941607505496e-15
82 21 -7.986941607505496e-15
21 83  9.066652500013855e+01
83 21  9.066652500013855e+01
21 87 -3.626660129607861e+03
87 21 -3.626660129607861e+03
21 88 -7.986941607505662e-15
88 21 -7.986941607505662e-15
21 89 -9.066652500012434e+01
89 21 -9.066652500012434e+01
22 22  4.206221077529167e+01
22 23  7.913260955498275e-30
23 22  7.913260955498275e-30
22 24 -1.276968590326513e-29
24 22 -1.276968590326513e-29
22 26  1.612748308418595e-15
26 22  1.612748308418595e-15
22 27  9.983680004496062e-16
27 22  9.983680004496062e-16
22 28  3.004444624711604e+00
28 22  3.004444624711604e+00
22 29  4.991839702733695e-17
29 22  4.991839702733695e-17
22 30 -8.063741058262122e-17
30 22 -8.063741058262122e-17
22 80 -1.290198259673965e-14
80 22 -1.290198259673965e-14
22 81 -7.986941607505496e-15
81 22 -7.986941607505496e-15
22 82 -2.403554978702373e+01
82 22 -2.403554978702373e+01
22 83  1.996735881092499e-16
83 22  1.996735881092499e-16
22 84 -3.225496423303269e-16
84 22 -3.225496423303269e-16
22 86 -1.290198259673992e-14
86 22 -1.290198259673992e-14
22 87 -7.986941607505662e-15
87 22 -7.986941607505662e-15
22 88 -2.403554978702424e+01
88 22 -2.403554978702424e+01
22 89 -1.996735881092186e-16
89 22 -1.996735881092186e-16
22 90  3.225496423302763e-16
90 22  3.225496423302763e-16
23 23  6.524442351423147e+01
23 24  6.476299214501579e-16
24 23  6.476299214501579e-16
23 25 -4.743384789228010e-15
25 23 -4.743384789228010e-15
23 27 -2.266663125007409e+01
27 23 -2.266663125007409e+01
23 28 -4.991839702739936e-17
28 23 -4.991839702739936e-17
23 29  3.688890381443188e+00
29 23  3.688890381443188e+00
23 30  4.625929546828086e-17
30 23  4.625929546828086e-17
23 79  3.794706692969744e-14
79 23  3.794706692969744e-14
23 81 -9.066652500016883e+01
81 23 -9.066652500016883e+01
23 82 -1.996735881093166e-16
82 23 -1.996735881093166e-16
23 83 -3.404443768289080e+01
83 23 -3.404443768289080e+01
23 84 -3.700742527239070e-16
84 23 -3.700742527239070e-16
23 85  3.794706692969825e-14
85 23  3.794706692969825e-14
23 87  9.066652500018299e+01
87 23  9.066652500018299e+01
23 88  1.996735881093478e-16
88 23  1.996735881093478e-16
23 89 -3.404443745622595e+01
89 23 -3.404443745622595e+01
23 90 -3.700742527239149e-16
90 23 -3.700742527239149e-16
24 24  6.524442351423147e+01
24 25 -1.588898379111692e-14
25 24 -1.588898379111692e-14
24 26  2.266663125007409e+01
26 24  2.266663125007409e+01
24 28  8.063741058272205e-17
28 24  8.063741058272205e-17
24 29  4.625929546828086e-17
29 24  4.625929546828086e-17
24 30  3.688890381443188e+00
30 24  3.688890381443188e+00
24 79  1.271118321953637e-13
79 24  1.271118321953637e-13
24 80  9.066652500016883e+01
80 24  9.066652500016883e+01
24 82  3.225496423304346e-16
82 24  3.225496423304346e-16
24 83 -3.700742527239069e-16
83 24 -3.700742527239069e-16
24 84 -3.404443768289080e+01
84 24 -3.404443768289080e+01
24 85  1.271118321953664e-13
85 24  1.271118321953664e-13
24 86 -9.066652500018299e+01
86 24 -9.066652500018299e+01
24 88 -3.225496423304849e-16
88 24 -3.225496423304849e-16
24 89 -3.700742527239148e-16
89 24 -3.700742527239148e-16
24 90 -3.404443745622595e+01
90 24 -3.404443745622595e+01
25 25  1.866667418666989e+04
25 29 -6.640740981743723e-14
29 25 -6.640740981743723e-14
25 30 -2.224458493427527e-13
30 25 -2.224458493427527e-13
25 31  1.333333413333575e+03
31 25  1.333333413333575e+03
25 35 -4.743384789228015e-15
35 25 -4.743384789228015e-15
25 36 -1.588898379111693e-14
36 25 -1.588898379111693e-14
25 85 -1.066667050666852e+04
85 25 -1.066667050666852e+04
25 89  3.794708969794662e-14
89 25  3.794708969794662e-14
25 90  1.271119084624933e-13
90 25  1.271119084624933e-13
25 91 -1.066667050666852e+04
91 25 -1.066667050666852e+04
25 95  3.794708969794663e-14
95 25  3.794708969794663e-14
25 96  1.271119084624933e-13
96 25  1.271119084624933e-13
26 26  6.346659306820589e+03
26 28  2.257848405907575e-14
28 26  2.257848405907575e-14
26 30 -1.421085471520200e-14
30 26 -1.421085471520200e-14
26 32  4.533326522012318e+02
32 26  4.533326522012318e+02
26 34  1.612748308418596e-15
34 26  1.612748308418596e-15
26 36 -2.266663125007408e+01
36 26 -2.266663125007408e+01
26 86 -3.626662305611527e+03
86 26 -3.626662305611527e+03
26 88 -1.290199033795648e-14
88 26 -1.290199033795648e-14
26 90 -9.066652500035106e+01
90 26 -9.066652500035106e+01
26 92 -3.626662305611526e+03
92 26 -3.626662305611526e+03
26 94 -1.290199033795647e-14
94 26 -1.290199033795647e-14
26 96  9.066652500035106e+01
96 26  9.066652500035106e+01
27 27  6.346659306820589e+03
27 28  1.397715679847546e-14
28 27  1.397715679847546e-14
27 29  1.421085471520200e-14
29 27  1.421085471520200e-14
27 33  4.533326522012318e+02
33 27  4.533326522012318e+02
27 34  9.983680004496070e-16
34 27  9.983680004496070e-16
27 35  2.266663125007408e+01
35 27  2.266663125007408e+01
27 87 -3.626662305611527e+03
87 27 -3.626662305611527e+03
27 88 -7.986946399687340e-15
88 27 -7.986946399687340e-15
27 89  9.066652500035106e+01
89 27  9.066652500035106e+01
27 93 -3.626662305611526e+03
93 27 -3.626662305611526e+03
27 94 -7.986946399687340e-15
94 27 -7.986946399687340e-15
27 95 -9.066652500035106e+01
95 27 -9.066652500035106e+01
28 28  4.206223916729544e+01
28 30 -4.930380657631324e-32
30 28 -4.930380657631324e-32
28 32  1.612748308418596e-15
32 28  1.612748308418596e-15
28 33  9.983680004496068e-16
33 28  9.983680004496068e-16
28 34  3.004444624711605e+00
34 28  3.004444624711605e+00
28 35  4.991839702739936e-17
35 28  4.991839702739936e-17
28 36 -8.063741058272205e-17
36 28 -8.063741058272205e-17
28 86 -1.290199033795647e-14
86 28 -1.290199033795647e-14
28 87 -7.986946399687340e-15
87 28 -7.986946399687340e-15
28 88 -2.403556420835933e+01
88 28 -2.403556420835933e+01
28 89  1.996735881097179e-16
89 28  1.996735881097179e-16
28 90 -3.225496423310828e-16
90 28 -3.225496423310828e-16
28 92 -1.290199033795647e-14
92 28 -1.290199033795647e-14
28 93 -7.986946399687340e-15
93 28 -7.986946399687340e-15
28 94 -2.403556420835933e+01
94 28 -2.403556420835933e+01
28 95 -1.996735881097180e-16
95 28 -1.996735881097180e-16
28 96  3.225496423310828e-16
96 28  3.225496423310828e-16
29 29  6.524446370091221e+01
29 30  6.476303586005317e-16
30 29  6.476303586005317e-16
29 31 -4.743384789228013e-15
31 29 -4.743384789228013e-15
29 33 -2.266663125004575e+01
33 29 -2.266663125004575e+01
29 34 -4.991839702733696e-17
34 29 -4.991839702733696e-17
29 35  3.688890381443191e+00
35 29  3.688890381443191e+00
29 36  4.625929546828089e-17
36 29  4.625929546828089e-17
29 85  3.794708969794662e-14
85 29  3.794708969794662e-14
29 87 -9.066652500029635e+01
87 29 -9.066652500029635e+01
29 88 -1.996735881095975e-16
88 29 -1.996735881095975e-16
29 89 -3.404446060288672e+01
89 29 -3.404446060288672e+01
29 90 -3.700744747685468e-16
90 29 -3.700744747685468e-16
29 91  3.794708969794663e-14
91 29  3.794708969794663e-14
29 93  9.066652500029635e+01
93 29  9.066652500029635e+01
29 94  1.996735881095975e-16
94 29  1.996735881095975e-16
29 95 -3.404446060288672e+01
95 29 -3.404446060288672e+01
29 96 -3.700744747685467e-16
96 29 -3.700744747685467e-16
30 30  6.524446370091221e+01
30 31 -1.588898379111693e-14
31 30 -1.588898379111693e-14
30 32  2.266663125004575e+01
32 30  2.266663125004575e+01
30 34  8.063741058262125e-17
34 30  8.063741058262125e-17
30 35  4.625929546828090e-17
35 30  4.625929546828090e-17
30 36  3.688890381443191e+00
36 30  3.688890381443191e+00
30 85  1.271119084624932e-13
85 30  1.271119084624932e-13
30 86  9.066652500029635e+01
86 30  9.066652500029635e+01
30 88  3.225496423308882e-16
88 30  3.225496423308882e-16
30 89 -3.700744747685467e-16
89 30 -3.700744747685467e-16
30 90 -3.404446060288672e+01
90 30 -3.404446060288672e+01
30 91  1.271119084624932e-13
91 30  1.271119084624932e-13
30 92 -9.066652500029635e+01
92 30 -9.066652500029635e+01
30 94 -3.225496423308882e-16
94 30 -3.225496423308882e-16
30 95 -3.700744747685467e-16
95 30 -3.700744747685467e-16
30 96 -3.404446060288672e+01
96 30 -3.404446060288672e+01
31 31  1.866666178666812e+04
31 35 -6.640736570395502e-14
35 31 -6.640736570395502e-14
31 36 -2.224457015751911e-13
36 31 -2.224457015751911e-13
31 37  1.333333013333488e+03
37 31  1.333333013333488e+03
31 41 -4.743383366212349e-15
41 31 -4.743383366212349e-15
31 42 -1.588897902442103e-14
42 31 -1.588897902442103e-14
31 91 -1.066666410666775e+04
91 31 -1.066666410666775e+04
31 95  3.794706692969828e-14
95 31  3.794706692969828e-14
31 96  1.271118321953665e-13
96 31  1.271118321953665e-13
31 97 -1.066666410666742e+04
97 31 -1.066666410666742e+04
31 101  3.794706692969711e-14
101 31  3.794706692969711e-14
31 102  1.271118321953626e-13
102 31  1.271118321953626e-13
32 32  6.346655090813398e+03
32 34  2.257846906046837e-14
34 32  2.257846906046837e-14
32 36  7.105427357601002e-12
36 32  7.105427357601002e-12
32 38  4.533325162009895e+02
38 32  4.533325162009895e+02
32 40  1.612747824592514e-15
40 32  1.612747824592514e-15
32 42 -2.266663125003867e+01
42 32 -2.266663125003867e+01
32 92 -3.626660129607866e+03
92 32 -3.626660129607866e+03
32 94 -1.290198259673994e-14
94 32 -1.290198259673994e-14
32 96 -9.066652500012437e+01
96 32 -9.066652500012437e+01
32 98 -3.626660129607754e+03
98 32 -3.626660129607754e+03
32 100 -1.290198259673954e-14
100 32 -1.290198259673954e-14
32 102  9.066652500015272e+01
102 32  9.066652500015272e+01
33 33  6.346655090813398e+03
33 34  1.397714751362327e-14
34 33  1.397714751362327e-14
33 35 -7.105427357601002e-12
35 33 -7.105427357601002e-12
33 39  4.533325162009895e+02
39 33  4.533325162009895e+02
33 40  9.983677009382231e-16
40 33  9.983677009382231e-16
33 41  2.266663125003867e+01
41 33  2.266663125003867e+01
33 93 -3.626660129607866e+03
93 33 -3.626660129607866e+03
33 94 -7.986941607505675e-15
94 33 -7.986941607505675e-15
33 95  9.066652500012437e+01
95 33  9.066652500012437e+01
33 99 -3.626660129607754e+03
99 33 -3.626660129607754e+03
33 100 -7.986941607505429e-15
100 33 -7.986941607505429e-15
33 101 -9.066652500015272e+01
101 33 -9.066652500015272e+01
34 34  4.206221122595812e+01
34 35 -1.565395858797945e-29
35 34 -1.565395858797945e-29
34 36  2.524354896707238e-29
36 34  2.524354896707238e-29
34 38  1.612747824592514e-15
38 34  1.612747824592514e-15
34 39  9.983677009382231e-16
39 34  9.983677009382231e-16
34 40  3.004443723378075e+00
40 34  3.004443723378075e+00
34 41  4.991839702732137e-17
41 34  4.991839702732137e-17
34 42 -8.063741058259605e-17
42 34 -8.063741058259605e-17
34 92 -1.290198259673994e-14
92 34 -1.290198259673994e-14
34 93 -7.986941607505675e-15
93 34 -7.986941607505675e-15
34 94 -2.403554978702427e+01
94 34 -2.403554978702427e+01
34 95  1.996735881092187e-16
95 34  1.996735881092187e-16
34 96 -3.225496423302764e-16
96 34 -3.225496423302764e-16
34 98 -1.290198259673954e-14
98 34 -1.290198259673954e-14
34 99 -7.986941607505427e-15
99 34 -7.986941607505427e-15
34 100 -2.403554978702352e+01
100 34 -2.403554978702352e+01
34 101 -1.996735881092812e-16
101 34 -1.996735881092812e-16
34 102  3.225496423303773e-16
102 34  3.225496423303773e-16
35 35  6.524442418089779e+01
35 36  6.476299283890483e-16
36 35  6.476299283890483e-16
35 37 -4.743383366212349e-15
37 35 -4.743383366212349e-15
35 39 -2.266663125003867e+01
39 35 -2.266663125003867e+01
35 40 -4.991839702732137e-17
40 35 -4.991839702732137e-17
35 41  3.688888821443961e+00
41 35  3.688888821443961e+00
35 42  4.625928159049003e-17
42 35  4.625928159049003e-17
35 91  3.794706692969828e-14
91 35  3.794706692969828e-14
35 93 -9.066652500018299e+01
93 35 -9.066652500018299e+01
35 94 -1.996735881093478e-16
94 35 -1.996735881093478e-16
35 95 -3.404443745622600e+01
95 35 -3.404443745622600e+01
35 96 -3.700742527239153e-16
96 35 -3.700742527239153e-16
35 97  3.794706692969711e-14
97 35  3.794706692969711e-14
35 99  9.066652500015469e+01
99 35  9.066652500015469e+01
35 100  1.996735881092855e-16
100 35  1.996735881092855e-16
35 101 -3.404443790955610e+01
101 35 -3.404443790955610e+01
35 102 -3.700742527239039e-16
102 35 -3.700742527239039e-16
36 36  6.524442418089779e+01
36 37 -1.588897902442103e-14
37 36 -1.588897902442103e-14
36 38  2.266663125003867e+01
38 36  2.266663125003867e+01
36 40  8.063741058259605e-17
40 36  8.063741058259605e-17
36 41  4.625928159049004e-17
41 36  4.625928159049004e-17
36 42  3.688888821443961e+00
42 36  3.688888821443961e+00
36 91  1.271118321953665e-13
91 36  1.271118321953665e-13
36 92  9.066652500018299e+01
92 36  9.066652500018299e+01
36 94  3.225496423304850e-16
94 36  3.225496423304850e-16
36 95 -3.700742527239153e-16
95 36 -3.700742527239153e-16
36 96 -3.404443745622600e+01
96 36 -3.404443745622600e+01
36 97  1.271118321953626e-13
97 36  1.271118321953626e-13
36 98 -9.066652500015469e+01
98 36 -9.066652500015469e+01
36 100 -3.225496423303842e-16
100 36 -3.225496423303842e-16
36 101 -3.700742527239039e-16
101 36 -3.700742527239039e-16
36 102 -3.404443790955610e+01
102 36 -3.404443790955610e+01
37 37  1.866667418667765e+04
37 41 -6.640740981746484e-14
41 37 -6.640740981746484e-14
37 42 -2.224458493428451e-13
42 37 -2.224458493428451e-13
37 43  1.333333813334223e+03
43 37  1.333333813334223e+03
37 47 -4.743386212245669e-15
47 37 -4.743386212245669e-15
37 48 -1.588898855781950e-14
48 37 -1.588898855781950e-14
37 97 -1.066666410666745e+04
97 37 -1.066666410666745e+04
37 101  3.794706692969719e-14
101 37  3.794706692969719e-14
37 102  1.271118321953629e-13
102 37  1.271118321953629e-13
37 103 -1.066667690667791e+04
103 37 -1.066667690667791e+04
37 107  3.794711246622566e-14
107 37  3.794711246622566e-14
37 108  1.271119847297228e-13
108 37  1.271119847297228e-13
38 38  6.346659306823228e+03
38 40  2.257848405908514e-14
40 38  2.257848405908514e-14
38 42  2.691393774512107e-10
42 38  2.691393774512107e-10
38 44  4.533327882016644e+02
44 38  4.533327882016644e+02
38 46  1.612748792245354e-15
46 38  1.612748792245354e-15
38 48 -2.266663125010950e+01
48 38 -2.266663125010950e+01
38 98 -3.626660129607762e+03
98 38 -3.626660129607762e+03
38 100 -1.290198259673957e-14
100 38 -1.290198259673957e-14
38 102 -9.066652500015272e+01
102 38 -9.066652500015272e+01
38 104 -3.626664481618119e+03
104 38 -3.626664481618119e+03
38 106 -1.290199807918344e-14
106 38 -1.290199807918344e-14
38 108  9.066652500054936e+01
108 38  9.066652500054936e+01
39 39  6.346659306823228e+03
39 40  1.397715679848127e-14
40 39  1.397715679848127e-14
39 41 -2.691393774512107e-10
41 39 -2.691393774512107e-10
39 45  4.533327882016644e+02
45 39  4.533327882016644e+02
39 46  9.983682999614097e-16
46 39  9.983682999614097e-16
39 47  2.266663125010950e+01
47 39  2.266663125010950e+01
39 99 -3.626660129607762e+03
99 39 -3.626660129607762e+03
39 100 -7.986941607505448e-15
100 39 -7.986941607505448e-15
39 101  9.066652500015272e+01
101 39  9.066652500015272e+01
39 105 -3.626664481618119e+03
105 39 -3.626664481618119e+03
39 106 -7.986951191875461e-15
106 39 -7.986951191875461e-15
39 107 -9.066652500054936e+01
107 39 -9.066652500054936e+01
40 40  4.206223916731292e+01
40 41 -5.927303626604377e-28
41 40 -5.927303626604377e-28
40 42  9.575292275185794e-28
42 40  9.575292275185794e-28
40 44  1.612748792245354e-15
44 40  1.612748792245354e-15
40 45  9.983682999614097e-16
45 40  9.983682999614097e-16
40 46  3.004445526046398e+00
46 40  3.004445526046398e+00
40 47  4.991839702747735e-17
47 40  4.991839702747735e-17
40 48 -8.063741058284803e-17
48 40 -8.063741058284803e-17
40 98 -1.290198259673957e-14
98 40 -1.290198259673957e-14
40 99 -7.986941607505448e-15
99 40 -7.986941607505448e-15
40 100 -2.403554978702358e+01
100 40 -2.403554978702358e+01
40 101  1.996735881092812e-16
101 40  1.996735881092812e-16
40 102 -3.225496423303773e-16
102 40 -3.225496423303773e-16
40 104 -1.290199807918343e-14
104 40 -1.290199807918343e-14
40 105 -7.986951191875461e-15
105 40 -7.986951191875461e-15
40 106 -2.403557862971382e+01
106 40 -2.403557862971382e+01
40 107 -1.996735881101547e-16
107 40 -1.996735881101547e-16
40 108  3.225496423317883e-16
108 40  3.225496423317883e-16
41 41  6.524446370093807e+01
41 42  6.476303586008009e-16
42 41  6.476303586008009e-16
41 43 -4.743386212245670e-15
43 41 -4.743386212245670e-15
41 45 -2.266663125005283e+01
45 41 -2.266663125005283e+01
41 46 -4.991839702735256e-17
46 41 -4.991839702735256e-17
41 47  3.688891941444288e+00
47 41  3.688891941444288e+00
41 48  4.625930934609117e-17
48 41  4.625930934609117e-17
41 97  3.794706692969719e-14
97 41  3.794706692969719e-14
41 99 -9.066652500015468e+01
99 41 -9.066652500015468e+01
41 100 -1.996735881092855e-16
100 41 -1.996735881092855e-16
41 101 -3.404443790955619e+01
101 41 -3.404443790955619e+01
41 102 -3.700742527239046e-16
102 41 -3.700742527239046e-16
41 103  3.794711246622566e-14
103 41  3.794711246622566e-14
41 105  9.066652500043799e+01
105 41  9.066652500043799e+01
41 106  1.996735881099094e-16
106 41  1.996735881099094e-16
41 107 -3.404448329624497e+01
107 41 -3.404448329624497e+01
41 108 -3.700746968134776e-16
108 41 -3.700746968134776e-16
42 42  6.524446370093807e+01
42 43 -1.588898855781950e-14
43 42 -1.588898855781950e-14
42 44  2.266663125005283e+01
44 42  2.266663125005283e+01
42 46  8.063741058264643e-17
46 42  8.063741058264643e-17
42 47  4.625930934609117e-17
47 42  4.625930934609117e-17
42 48  3.688891941444288e+00
48 42  3.688891941444288e+00
42 97  1.271118321953628e-13
97 42  1.271118321953628e-13
42 98  9.066652500015468e+01
98 42  9.066652500015468e+01
42 100  3.225496423303843e-16
100 42  3.225496423303843e-16
42 101 -3.700742527239046e-16
101 42 -3.700742527239046e-16
42 102 -3.404443790955619e+01
102 42 -3.404443790955619e+01
42 103  1.271119847297228e-13
103 42  1.271119847297228e-13
42 104 -9.066652500043799e+01
104 42 -9.066652500043799e+01
42 106 -3.225496423313922e-16
106 42 -3.225496423313922e-16
42 107 -3.700746968134775e-16
107 42 -3.700746968134775e-16
42 108 -3.404448329624497e+01
108 42 -3.404448329624497e+01
43 43  1.866666138666845e+04
43 47 -6.640736428094085e-14
47 43 -6.640736428094085e-14
43 48 -2.224456968085001e-13
48 43 -2.224456968085001e-13
43 49  1.333333013333486e+03
49 43  1.333333013333486e+03
43 53 -4.743383366212345e-15
53 43 -4.743383366212345e-15
43 54 -1.588897902442101e-14
54 43 -1.588897902442101e-14
43 103 -1.066666410666873e+04
103 43 -1.066666410666873e+04
43 107  3.794706692970175e-14
107 43  3.794706692970175e-14
43 108  1.271118321953781e-13
108 43  1.271118321953781e-13
43 109 -1.066666410666743e+04
109 43 -1.066666410666743e+04
43 113  3.794706692969710e-14
113 43  3.794706692969710e-14
43 114  1.271118321953626e-13
114 43  1.271118321953626e-13
44 44  6.346654954813296e+03
44 46  2.257846857664278e-14
46 44  2.257846857664278e-14
44 48  1.418243300577160e-11
48 44  1.418243300577160e-11
44 50  4.533325162009889e+02
50 44  4.533325162009889e+02
44 52  1.612747824592512e-15
52 44  1.612747824592512e-15
44 54 -2.266663125003867e+01
54 44 -2.266663125003867e+01
44 104 -3.626660129608196e+03
104 44 -3.626660129608196e+03
44 106 -1.290198259674111e-14
106 44 -1.290198259674111e-14
44 108 -9.066652500009602e+01
108 44 -9.066652500009602e+01
44 110 -3.626660129607753e+03
110 44 -3.626660129607753e+03
44 112 -1.290198259673954e-14
112 44 -1.290198259673954e-14
44 114  9.066652500015272e+01
114 44  9.066652500015272e+01
45 45  6.346654954813296e+03
45 46  1.397714721411220e-14
46 45  1.397714721411220e-14
45 47 -1.418243300577160e-11
47 45 -1.418243300577160e-11
45 51  4.533325162009889e+02
51 45  4.533325162009889e+02
45 52  9.983677009382220e-16
52 45  9.983677009382220e-16
45 53  2.266663125003867e+01
53 45  2.266663125003867e+01
45 105 -3.626660129608196e+03
105 45 -3.626660129608196e+03
45 106 -7.986941607506402e-15
106 45 -7.986941607506402e-15
45 107  9.066652500009602e+01
107 45  9.066652500009602e+01
45 111 -3.626660129607753e+03
111 45 -3.626660129607753e+03
45 112 -7.986941607505429e-15
112 45 -7.986941607505429e-15
45 113 -9.066652500015272e+01
113 45 -9.066652500015272e+01
46 46  4.206221032462551e+01
46 47 -3.123396146609444e-29
47 46 -3.123396146609444e-29
46 48  5.043779412756844e-29
48 46  5.043779412756844e-29
46 50  1.612747824592512e-15
50 46  1.612747824592512e-15
46 51  9.983677009382220e-16
51 46  9.983677009382220e-16
46 52  3.004443723378071e+00
52 46  3.004443723378071e+00
46 53  4.991839702732137e-17
53 46  4.991839702732137e-17
46 54 -8.063741058259605e-17
54 46 -8.063741058259605e-17
46 104 -1.290198259674111e-14
104 46 -1.290198259674111e-14
46 105 -7.986941607506402e-15
105 46 -7.986941607506402e-15
46 106 -2.403554978702646e+01
106 46 -2.403554978702646e+01
46 107  1.996735881091563e-16
107 46  1.996735881091563e-16
46 108 -3.225496423301756e-16
108 46 -3.225496423301756e-16
46 110 -1.290198259673954e-14
110 46 -1.290198259673954e-14
46 111 -7.986941607505429e-15
111 46 -7.986941607505429e-15
46 112 -2.403554978702352e+01
112 46 -2.403554978702352e+01
46 113 -1.996735881092812e-16
113 46 -1.996735881092812e-16
46 114  3.225496423303773e-16
114 46  3.225496423303773e-16
47 47  6.524442284756554e+01
47 48  6.476299145112716e-16
48 47  6.476299145112716e-16
47 49 -4.743383366212345e-15
49 47 -4.743383366212345e-15
47 51 -2.266663125003867e+01
51 47 -2.266663125003867e+01
47 52 -4.991839702732137e-17
52 47 -4.991839702732137e-17
47 53  3.688888821443955e+00
53 47  3.688888821443955e+00
47 54  4.625928159048997e-17
54 47  4.625928159048997e-17
47 103  3.794706692970175e-14
103 47  3.794706692970175e-14
47 105 -9.066652500021132e+01
105 47 -9.066652500021132e+01
47 106 -1.996735881094102e-16
106 47 -1.996735881094102e-16
47 107 -3.404443700289804e+01
107 47 -3.404443700289804e+01
47 108 -3.700742527239490e-16
108 47 -3.700742527239490e-16
47 109  3.794706692969711e-14
109 47  3.794706692969711e-14
47 111  9.066652500015468e+01
111 47  9.066652500015468e+01
47 112  1.996735881092855e-16
112 47  1.996735881092855e-16
47 113 -3.404443790955609e+01
113 47 -3.404443790955609e+01
47 114 -3.700742527239038e-16
114 47 -3.700742527239038e-16
48 48  6.524442284756554e+01
48 49 -1.588897902442101e-14
49 48 -1.588897902442101e-14
48 50  2.266663125003867e+01
50 48  2.266663125003867e+01
48 52  8.063741058259605e-17
52 48  8.063741058259605e-17
48 53  4.625928159048998e-17
53 48  4.625928159048998e-17
48 54  3.688888821443955e+00
54 48  3.688888821443955e+00
48 103  1.271118321953781e-13
103 48  1.271118321953781e-13
48 104  9.066652500021132e+01
104 48  9.066652500021132e+01
48 106  3.225496423305858e-16
106 48  3.225496423305858e-16
48 107 -3.700742527239490e-16
107 48 -3.700742527239490e-16
48 108 -3.404443700289804e+01
108 48 -3.404443700289804e+01
48 109  1.271118321953626e-13
109 48  1.271118321953626e-13
48 110 -9.066652500015468e+01
110 48 -9.066652500015468e+01
48 112 -3.225496423303842e-16
112 48 -3.225496423303842e-16
48 113 -3.700742527239037e-16
113 48 -3.700742527239037e-16
48 114 -3.404443790955609e+01
114 48 -3.404443790955609e+01
49 49  1.866666138666845e+04
49 53 -6.640736428094085e-14
53 49 -6.640736428094085e-14
49 54 -2.224456968085001e-13
54 49 -2.224456968085001e-13
49 55  1.333333813334223e+03
55 49  1.333333813334223e+03
49 59 -4.743386212245669e-15
59 49 -4.743386212245669e-15
49 60 -1.588898855781950e-14
60 49 -1.588898855781950e-14
49 109 -1.066666410666742e+04
109 49 -1.066666410666742e+04
49 113  3.794706692969710e-14
113 49  3.794706692969710e-14
49 114  1.271118321953626e-13
114 49  1.271118321953626e-13
49 115 -1.066666410666873e+04
115 49 -1.066666410666873e+04
49 119  3.794706692970175e-14
119 49  3.794706692970175e-14
49 120  1.271118321953781e-13
120 49  1.271118321953781e-13
50 50  6.346654954813296e+03
50 52  2.257846857664278e-14
52 50  2.257846857664278e-14
50 54 -1.418243300577160e-11
54 50 -1.418243300577160e-11
50 56  4.533327882016644e+02
56 50  4.533327882016644e+02
50 58  1.612748792245354e-15
58 50  1.612748792245354e-15
50 60 -2.266663125005283e+01
60 50 -2.266663125005283e+01
50 110 -3.626660129607754e+03
110 50 -3.626660129607754e+03
50 112 -1.290198259673954e-14
112 50 -1.290198259673954e-14
50 114 -9.066652500015272e+01
114 50 -9.066652500015272e+01
50 116 -3.626660129608196e+03
116 50 -3.626660129608196e+03
50 118 -1.290198259674111e-14
118 50 -1.290198259674111e-14
50 120  9.066652500009603e+01
120 50  9.066652500009603e+01
51 51  6.346654954813296e+03
51 52  1.397714721411220e-14
52 51  1.397714721411220e-14
51 53  1.418243300577160e-11
53 51  1.418243300577160e-11
51 57  4.533327882016644e+02
57 51  4.533327882016644e+02
51 58  9.983682999614097e-16
58 51  9.983682999614097e-16
51 59  2.266663125005283e+01
59 51  2.266663125005283e+01
51 111 -3.626660129607754e+03
111 51 -3.626660129607754e+03
51 112 -7.986941607505429e-15
112 51 -7.986941607505429e-15
51 113  9.066652500015272e+01
113 51  9.066652500015272e+01
51 117 -3.626660129608196e+03
117 51 -3.626660129608196e+03
51 118 -7.986941607506402e-15
118 51 -7.986941607506402e-15
51 119 -9.066652500009603e+01
119 51 -9.066652500009603e+01
52 52  4.206221032462551e+01
52 53  3.123396146609444e-29
53 52  3.123396146609444e-29
52 54 -5.043779412756844e-29
54 52 -5.043779412756844e-29
52 56  1.612748792245354e-15
56 52  1.612748792245354e-15
52 57  9.983682999614097e-16
57 52  9.983682999614097e-16
52 58  3.004445526046398e+00
58 52  3.004445526046398e+00
52 59  4.991839702735256e-17
59 52  4.991839702735256e-17
52 60 -8.063741058264643e-17
60 52 -8.063741058264643e-17
52 110 -1.290198259673954e-14
