1 1  5.333333418666644e-07
1 5 -1.897353832207286e-24
5 1 -1.897353832207286e-24
1 6 -1.174552372318796e-24
6 1 -1.174552372318796e-24
1 7 -1.333333346666683e-07
7 1 -1.333333346666683e-07
1 11  4.743384552057986e-25
11 1  4.743384552057986e-25
1 12  2.936380913178753e-25
12 1  2.936380913178753e-25
1 67  2.666666714666699e-07
67 1  2.666666714666699e-07
1 71 -9.486769180010121e-25
71 1 -9.486769180010121e-25
1 72 -5.872761873339598e-25
72 1 -5.872761873339598e-25
2 2  5.333333418666644e-07
2 4  1.897353832207286e-24
4 2  1.897353832207286e-24
2 8 -1.333333346666683e-07
8 2 -1.333333346666683e-07
2 10 -4.743384552057986e-25
10 2 -4.743384552057986e-25
2 68  2.666666714666699e-07
68 2  2.666666714666699e-07
2 70  9.486769180010121e-25
70 2  9.486769180010121e-25
3 3  5.333333418666644e-07
3 4  1.174552372318796e-24
4 3  1.174552372318796e-24
3 9 -1.333333346666683e-07
9 3 -1.333333346666683e-07
3 10 -2.936380913178753e-25
10 3 -2.936380913178753e-25
3 69  2.666666714666699e-07
69 3  2.666666714666699e-07
3 70  5.872761873339598e-25
70 3  5.872761873339598e-25
4 4  3.555555612444431e-09
4 10 -8.888888977777891e-10
10 4 -8.888888977777891e-10
4 70  1.777777809777800e-09
70 4  1.777777809777800e-09
5 5  1.777777806222216e-09
5 6 -5.646886405378821e-27
6 5 -5.646886405378821e-27
5 11 -4.444444488888946e-10
11 5 -4.444444488888946e-10
5 12  1.411721592874400e-27
12 5  1.411721592874400e-27
5 71  8.888889048889001e-10
71 5  8.888889048889001e-10
5 72 -2.823443208336343e-27
72 5 -2.823443208336343e-27
6 6  1.777777806222215e-09
6 11  1.411721592874400e-27
11 6  1.411721592874400e-27
6 12 -4.444444488888945e-10
12 6 -4.444444488888945e-10
6 71 -2.823443208336343e-27
71 6 -2.823443208336343e-27
6 72  8.888889048889001e-10
72 6  8.888889048889001e-10
7 7  1.066666743466662e-06
7 11 -3.794707876918198e-24
11 7 -3.794707876918198e-24
7 12 -2.349104876187455e-24
12 7 -2.349104876187455e-24
7 13 -1.333333360000017e-07
13 7 -1.333333360000017e-07
7 17  4.743384599491831e-25
17 7  4.743384599491831e-25
7 18  2.936380942542562e-25
18 7  2.936380942542562e-25
7 67  2.666666672000033e-07
67 7  2.666666672000033e-07
7 73  2.666667146666699e-07
73 7  2.666667146666699e-07
7 77 -9.486770716866702e-25
77 7 -9.486770716866702e-25
7 78 -5.872762824727005e-25
78 7 -5.872762824727005e-25
8 8  1.066666743466662e-06
8 10  3.794707876918198e-24
10 8  3.794707876918198e-24
8 14 -1.333333360000017e-07
14 8 -1.333333360000017e-07
8 16 -4.743384599491831e-25
16 8 -4.743384599491831e-25
8 68  2.666666672000033e-07
68 8  2.666666672000033e-07
8 74  2.666667146666699e-07
74 8  2.666667146666699e-07
8 76  9.486770716866702e-25
76 8  9.486770716866702e-25
9 9  1.066666743466662e-06
9 10  2.349104876187455e-24
10 9  2.349104876187455e-24
9 15 -1.333333360000017e-07
15 9 -1.333333360000017e-07
9 16 -2.936380942542562e-25
16 9 -2.936380942542562e-25
9 69  2.666666672000033e-07
69 9  2.666666672000033e-07
9 75  2.666667146666699e-07
75 9  2.666667146666699e-07
9 76  5.872762824727005e-25
76 9  5.872762824727005e-25
10 10  7.111111623111085e-09
10 16 -8.888889066666780e-10
16 10 -8.888889066666780e-10
10 68  9.486769028221817e-25
68 10  9.486769028221817e-25
10 69  5.872761779375411e-25
69 10  5.872761779375411e-25
10 70  1.777777781333356e-09
70 10  1.777777781333356e-09
10 76  1.777778097777800e-09
76 10  1.777778097777800e-09
11 11  3.555555811555542e-09
11 12 -1.129377344320891e-26
12 11 -1.129377344320891e-26
11 17 -4.444444533333391e-10
17 11 -4.444444533333391e-10
11 18  1.411721606991615e-27
18 11  1.411721606991615e-27
11 67 -9.486769028221817e-25
67 11 -9.486769028221817e-25
11 71  8.888888906666781e-10
71 11  8.888888906666781e-10
11 72 -2.823443163161254e-27
72 11 -2.823443163161254e-27
11 77  8.888890488889002e-10
77 11  8.888890488889002e-10
11 78 -2.823443665734136e-27
78 11 -2.823443665734136e-27
12 12  3.555555811555542e-09
12 17  1.411721606991615e-27
17 12  1.411721606991615e-27
12 18 -4.444444533333390e-10
18 12 -4.444444533333390e-10
12 67 -5.872761779375411e-25
67 12 -5.872761779375411e-25
12 71 -2.823443163161254e-27
71 12 -2.823443163161254e-27
12 72  8.888888906666779e-10
72 12  8.888888906666779e-10
12 77 -2.823443665734136e-27
77 12 -2.823443665734136e-27
12 78  8.888890488889000e-10
78 12  8.888890488889000e-10
13 13  1.066666541333329e-06
13 17 -3.794707157821109e-24
17 13 -3.794707157821109e-24
13 18 -2.349104431032114e-24
18 13 -2.349104431032114e-24
13 19 -1.333333453333349e-07
19 13 -1.333333453333349e-07
13 23  4.743384931528744e-25
23 13  4.743384931528744e-25
13 24  2.936381148089223e-25
24 13  2.936381148089223e-25
13 73  2.666666293333366e-07
73 13  2.666666293333366e-07
13 79  2.666666106666703e-07
79 13  2.666666106666703e-07
13 83 -9.486767017026801e-25
83 13 -9.486767017026801e-25
13 84 -5.872760534349924e-25
84 13 -5.872760534349924e-25
14 14  1.066666541333329e-06
14 16  3.794707157821109e-24
16 14  3.794707157821109e-24
14 20 -1.333333453333349e-07
20 14 -1.333333453333349e-07
14 22 -4.743384931528744e-25
22 14 -4.743384931528744e-25
14 74  2.666666293333366e-07
74 14  2.666666293333366e-07
14 80  2.666666106666703e-07
80 14  2.666666106666703e-07
14 82  9.486767017026801e-25
82 14  9.486767017026801e-25
15 15  1.066666541333329e-06
15 16  2.349104431032114e-24
16 15  2.349104431032114e-24
15 21 -1.333333453333349e-07
21 15 -1.333333453333349e-07
15 22 -2.936381148089223e-25
22 15 -2.936381148089223e-25
15 75  2.666666293333366e-07
75 15  2.666666293333366e-07
15 81  2.666666106666703e-07
81 15  2.666666106666703e-07
15 82  5.872760534349924e-25
82 15  5.872760534349924e-25
16 16  7.111110275555532e-09
16 22 -8.888889688889000e-10
22 16 -8.888889688889000e-10
16 74  9.486767681100619e-25
74 16  9.486767681100619e-25
16 75  5.872760945443240e-25
75 16  5.872760945443240e-25
16 76  1.777777528888911e-09
76 16  1.777777528888911e-09
16 82  1.777777404444469e-09
82 16  1.777777404444469e-09
17 17  3.555555137777766e-09
17 18 -1.129377130303900e-26
18 17 -1.129377130303900e-26
17 23 -4.444444844444500e-10
23 17 -4.444444844444500e-10
17 24  1.411721705812125e-27
24 17  1.411721705812125e-27
17 73 -9.486767681100619e-25
73 17 -9.486767681100619e-25
17 77  8.888887644444558e-10
77 17  8.888887644444558e-10
17 78 -2.823442762232325e-27
78 17 -2.823442762232325e-27
17 83  8.888887022222349e-10
83 17  8.888887022222349e-10
17 84 -2.823442564591308e-27
84 17 -2.823442564591308e-27
18 18  3.555555137777766e-09
18 23  1.411721705812125e-27
23 18  1.411721705812125e-27
18 24 -4.444444844444500e-10
24 18 -4.444444844444500e-10
18 73 -5.872760945443240e-25
73 18 -5.872760945443240e-25
18 77 -2.823442762232325e-27
77 18 -2.823442762232325e-27
18 78  8.888887644444557e-10
78 18  8.888887644444557e-10
18 83 -2.823442564591308e-27
83 18 -2.823442564591308e-27
18 84  8.888887022222347e-10
84 18  8.888887022222347e-10
19 19  1.066667042666662e-06
19 23 -3.794708941333679e-24
23 19 -3.794708941333679e-24
19 24 -2.349105535111325e-24
24 19 -2.349105535111325e-24
19 25 -1.333333253333350e-07
25 19 -1.333333253333350e-07
19 29  4.743384220021071e-25
29 19  4.743384220021071e-25
19 30  2.936380707632091e-25
30 19  2.936380707632091e-25
19 79  2.666667706666693e-07
79 19  2.666667706666693e-07
19 85  2.666668106666704e-07
85 19  2.666668106666704e-07
19 89 -9.486774132103560e-25
89 19 -9.486774132103560e-25
19 90 -5.872764938921252e-25
90 19 -5.872764938921252e-25
20 20  1.066667042666662e-06
20 22  3.794708941333679e-24
22 20  3.794708941333679e-24
20 26 -1.333333253333350e-07
26 20 -1.333333253333350e-07
20 28 -4.743384220021071e-25
28 20 -4.743384220021071e-25
20 80  2.666667706666693e-07
80 20  2.666667706666693e-07
20 86  2.666668106666704e-07
86 20  2.666668106666704e-07
20 88  9.486774132103560e-25
88 20  9.486774132103560e-25
21 21  1.066667042666662e-06
21 22  2.349105535111325e-24
22 21  2.349105535111325e-24
21 27 -1.333333253333350e-07
27 21 -1.333333253333350e-07
21 28 -2.936380707632091e-25
28 21 -2.936380707632091e-25
21 81  2.666667706666693e-07
81 21  2.666667706666693e-07
21 87  2.666668106666704e-07
87 21  2.666668106666704e-07
21 88  5.872764938921252e-25
88 21  5.872764938921252e-25
22 22  7.111113617777749e-09
22 28 -8.888888355555671e-10
28 22 -8.888888355555671e-10
22 80  9.486772709088172e-25
80 22  9.486772709088172e-25
22 81  5.872764058006963e-25
81 22  5.872764058006963e-25
22 82  1.777778471111130e-09
82 22  1.777778471111130e-09
22 88  1.777778737777803e-09
88 22  1.777778737777803e-09
23 23  3.555556808888875e-09
23 24 -1.129377661111213e-26
24 23 -1.129377661111213e-26
23 29 -4.444444177777836e-10
29 23 -4.444444177777836e-10
23 30  1.411721494053889e-27
30 23  1.411721494053889e-27
23 79 -9.486772709088172e-25
79 23 -9.486772709088172e-25
23 83  8.888892355555649e-10
83 23  8.888892355555649e-10
23 84 -2.823444258657192e-27
84 23 -2.823444258657192e-27
23 89  8.888893688889020e-10
89 23  8.888893688889020e-10
23 90 -2.823444682173677e-27
90 23 -2.823444682173677e-27
24 24  3.555556808888874e-09
24 29  1.411721494053889e-27
29 24  1.411721494053889e-27
24 30 -4.444444177777835e-10
30 24 -4.444444177777835e-10
24 79 -5.872764058006963e-25
79 24 -5.872764058006963e-25
24 83 -2.823444258657192e-27
83 24 -2.823444258657192e-27
24 84  8.888892355555649e-10
84 24  8.888892355555649e-10
24 89 -2.823444682173677e-27
89 24 -2.823444682173677e-27
24 90  8.888893688889017e-10
90 24  8.888893688889017e-10
25 25  1.066666122666663e-06
25 29 -3.794705668398374e-24
29 25 -3.794705668398374e-24
25 30 -2.349103509008517e-24
30 25 -2.349103509008517e-24
25 31 -1.333333253333350e-07
31 25 -1.333333253333350e-07
25 35  4.743384220021070e-25
35 25  4.743384220021070e-25
25 36  2.936380707632091e-25
36 25  2.936380707632091e-25
25 85  2.666664906666696e-07
85 25  2.666664906666696e-07
25 91  2.666664906666707e-07
91 25  2.666664906666707e-07
25 95 -9.486762747980760e-25
95 25 -9.486762747980760e-25
25 96 -5.872757891607137e-25
96 25 -5.872757891607137e-25
26 26  1.066666122666663e-06
26 28  3.794705668398374e-24
28 26  3.794705668398374e-24
26 32 -1.333333253333350e-07
32 26 -1.333333253333350e-07
26 34 -4.743384220021070e-25
34 26 -4.743384220021070e-25
26 86  2.666664906666696e-07
86 26  2.666664906666696e-07
26 92  2.666664906666707e-07
92 26  2.666664906666707e-07
26 94  9.486762747980760e-25
94 26  9.486762747980760e-25
27 27  1.066666122666663e-06
27 28  2.349103509008517e-24
28 27  2.349103509008517e-24
27 33 -1.333333253333350e-07
33 27 -1.333333253333350e-07
27 34 -2.936380707632091e-25
34 27 -2.936380707632091e-25
27 87  2.666664906666696e-07
87 27  2.666664906666696e-07
27 93  2.666664906666707e-07
93 27  2.666664906666707e-07
27 94  5.872757891607137e-25
94 27  5.872757891607137e-25
28 28  7.111107484444421e-09
28 34 -8.888888355555669e-10
34 28 -8.888888355555669e-10
28 86  9.486762747980721e-25
86 28  9.486762747980721e-25
28 87  5.872757891607113e-25
87 28  5.872757891607113e-25
28 88  1.777776604444465e-09
88 28  1.777776604444465e-09
28 94  1.777776604444472e-09
94 28  1.777776604444472e-09
29 29  3.555553742222212e-09
29 30 -1.129376687023325e-26
30 29 -1.129376687023325e-26
29 35 -4.444444177777835e-10
35 29 -4.444444177777835e-10
29 36  1.411721494053889e-27
36 29  1.411721494053889e-27
29 85 -9.486762747980721e-25
85 29 -9.486762747980721e-25
29 89  8.888883022222325e-10
89 29  8.888883022222325e-10
29 90 -2.823441294041879e-27
90 29 -2.823441294041879e-27
29 95  8.888883022222360e-10
95 29  8.888883022222360e-10
29 96 -2.823441294041891e-27
96 29 -2.823441294041891e-27
30 30  3.555553742222211e-09
30 35  1.411721494053889e-27
35 30  1.411721494053889e-27
30 36 -4.444444177777834e-10
36 30 -4.444444177777834e-10
30 85 -5.872757891607113e-25
85 30 -5.872757891607113e-25
30 89 -2.823441294041879e-27
89 30 -2.823441294041879e-27
30 90  8.888883022222323e-10
90 30  8.888883022222323e-10
30 95 -2.823441294041891e-27
95 30 -2.823441294041891e-27
30 96  8.888883022222361e-10
96 30  8.888883022222361e-10
31 31  1.066667002666663e-06
31 35 -3.794708799032146e-24
35 31 -3.794708799032146e-24
31 36 -2.349105447019900e-24
36 31 -2.349105447019900e-24
31 37 -1.333333653333348e-07
37 31 -1.333333653333348e-07
31 41  4.743385643036416e-25
41 31  4.743385643036416e-25
31 42  2.936381588546353e-25
42 31  2.936381588546353e-25
31 91  2.666668106666692e-07
91 31  2.666668106666692e-07
31 97  2.666667306666711e-07
97 31  2.666667306666711e-07
31 101 -9.486771286072885e-25
101 31 -9.486771286072885e-25
31 102 -5.872763177092738e-25
102 31 -5.872763177092738e-25
32 32  1.066667002666663e-06
32 34  3.794708799032146e-24
34 32  3.794708799032146e-24
32 38 -1.333333653333348e-07
38 32 -1.333333653333348e-07
32 40 -4.743385643036416e-25
40 32 -4.743385643036416e-25
32 92  2.666668106666692e-07
92 32  2.666668106666692e-07
32 98  2.666667306666711e-07
98 32  2.666667306666711e-07
32 100  9.486771286072885e-25
100 32  9.486771286072885e-25
33 33  1.066667002666663e-06
33 34  2.349105447019900e-24
34 33  2.349105447019900e-24
33 39 -1.333333653333348e-07
39 33 -1.333333653333348e-07
33 40 -2.936381588546353e-25
40 33 -2.936381588546353e-25
33 93  2.666668106666692e-07
93 33  2.666668106666692e-07
33 99  2.666667306666711e-07
99 33  2.666667306666711e-07
33 100  5.872763177092738e-25
100 33  5.872763177092738e-25
34 34  7.111113351111088e-09
34 40 -8.888891022222324e-10
40 34 -8.888891022222324e-10
34 92  9.486774132103518e-25
92 34  9.486774132103518e-25
34 93  5.872764938921225e-25
93 34  5.872764938921225e-25
34 94  1.777778737777795e-09
94 34  1.777778737777795e-09
34 100  1.777778204444475e-09
100 34  1.777778204444475e-09
35 35  3.555556675555545e-09
35 36 -1.129377618759567e-26
36 35 -1.129377618759567e-26
35 41 -4.444445511111163e-10
41 35 -4.444445511111163e-10
35 42  1.411721917570361e-27
42 35  1.411721917570361e-27
35 91 -9.486774132103518e-25
91 35 -9.486774132103518e-25
35 95  8.888893688888978e-10
95 35  8.888893688888978e-10
35 96 -2.823444682173664e-27
96 35 -2.823444682173664e-27
35 101  8.888891022222376e-10
101 35  8.888891022222376e-10
35 102 -2.823443835140738e-27
102 35 -2.823443835140738e-27
36 36  3.555556675555544e-09
36 41  1.411721917570361e-27
41 36  1.411721917570361e-27
36 42 -4.444445511111162e-10
42 36 -4.444445511111162e-10
36 91 -5.872764938921225e-25
91 36 -5.872764938921225e-25
36 95 -2.823444682173664e-27
95 36 -2.823444682173664e-27
36 96  8.888893688888976e-10
96 36  8.888893688888976e-10
36 101 -2.823443835140738e-27
101 36 -2.823443835140738e-27
36 102  8.888891022222376e-10
102 36  8.888891022222376e-10
37 37  1.066666122666662e-06
37 41 -3.794705668398372e-24
41 37 -3.794705668398372e-24
37 42 -2.349103509008516e-24
42 37 -2.349103509008516e-24
37 43 -1.333332853333350e-07
43 37 -1.333332853333350e-07
37 47  4.743382797005721e-25
47 37  4.743382797005721e-25
37 48  2.936379826717827e-25
48 37  2.936379826717827e-25
37 97  2.666667306666680e-07
97 37  2.666667306666680e-07
37 103  2.666662506666721e-07
103 37  2.666662506666721e-07
37 107 -9.486754209888702e-25
107 37 -9.486754209888702e-25
37 108 -5.872752606121578e-25
108 37 -5.872752606121578e-25
38 38  1.066666122666662e-06
38 40  3.794705668398372e-24
40 38  3.794705668398372e-24
38 44 -1.333332853333350e-07
44 38 -1.333332853333350e-07
38 46 -4.743382797005721e-25
46 38 -4.743382797005721e-25
38 98  2.666667306666680e-07
98 38  2.666667306666680e-07
38 104  2.666662506666721e-07
104 38  2.666662506666721e-07
38 106  9.486754209888702e-25
106 38  9.486754209888702e-25
39 39  1.066666122666662e-06
39 40  2.349103509008516e-24
40 39  2.349103509008516e-24
39 45 -1.333332853333350e-07
45 39 -1.333332853333350e-07
39 46 -2.936379826717827e-25
46 39 -2.936379826717827e-25
39 99  2.666667306666680e-07
99 39  2.666667306666680e-07
39 105  2.666662506666721e-07
105 39  2.666662506666721e-07
39 106  5.872752606121578e-25
106 39  5.872752606121578e-25
40 40  7.111107484444420e-09
40 46 -8.888885688889007e-10
46 40 -8.888885688889007e-10
40 98  9.486771286072775e-25
98 40  9.486771286072775e-25
40 99  5.872763177092669e-25
99 40  5.872763177092669e-25
40 100  1.777778204444454e-09
100 40  1.777778204444454e-09
40 106  1.777775004444481e-09
106 40  1.777775004444481e-09
41 41  3.555553742222210e-09
41 42 -1.129376687023324e-26
42 41 -1.129376687023324e-26
41 47 -4.444442844444503e-10
47 41 -4.444442844444503e-10
41 48  1.411721070537416e-27
48 41  1.411721070537416e-27
41 97 -9.486771286072775e-25
97 41 -9.486771286072775e-25
41 101  8.888891022222273e-10
101 41  8.888891022222273e-10
41 102 -2.823443835140705e-27
102 41 -2.823443835140705e-27
41 107  8.888875022222409e-10
107 41  8.888875022222409e-10
41 108 -2.823438752943064e-27
108 41 -2.823438752943064e-27
42 42  3.555553742222210e-09
42 47  1.411721070537416e-27
47 42  1.411721070537416e-27
42 48 -4.444442844444503e-10
48 42 -4.444442844444503e-10
42 97 -5.872763177092669e-25
97 42 -5.872763177092669e-25
42 101 -2.823443835140705e-27
101 42 -2.823443835140705e-27
42 102  8.888891022222272e-10
102 42  8.888891022222272e-10
42 107 -2.823438752943064e-27
107 42 -2.823438752943064e-27
42 108  8.888875022222407e-10
108 42  8.888875022222407e-10
43 43  1.066667082666661e-06
43 47 -3.794709083635212e-24
47 43 -3.794709083635212e-24
43 48 -2.349105623202750e-24
48 43 -2.349105623202750e-24
43 49 -1.333333653333350e-07
49 43 -1.333333653333350e-07
43 53  4.743385643036422e-25
53 43  4.743385643036422e-25
43 54  2.936381588546356e-25
54 43  2.936381588546356e-25
43 103  2.666668906666680e-07
103 43  2.666668906666680e-07
43 109  2.666667306666712e-07
109 43  2.666667306666712e-07
43 113 -9.486771286072887e-25
113 43 -9.486771286072887e-25
43 114 -5.872763177092739e-25
114 43 -5.872763177092739e-25
44 44  1.066667082666661e-06
44 46  3.794709083635212e-24
46 44  3.794709083635212e-24
44 50 -1.333333653333350e-07
50 44 -1.333333653333350e-07
44 52 -4.743385643036422e-25
52 44 -4.743385643036422e-25
44 104  2.666668906666680e-07
104 44  2.666668906666680e-07
44 110  2.666667306666712e-07
110 44  2.666667306666712e-07
44 112  9.486771286072887e-25
112 44  9.486771286072887e-25
45 45  1.066667082666661e-06
45 46  2.349105623202750e-24
46 45  2.349105623202750e-24
45 51 -1.333333653333350e-07
51 45 -1.333333653333350e-07
45 52 -2.936381588546356e-25
52 45 -2.936381588546356e-25
45 105  2.666668906666680e-07
105 45  2.666668906666680e-07
45 111  2.666667306666712e-07
111 45  2.666667306666712e-07
45 112  5.872763177092739e-25
112 45  5.872763177092739e-25
46 46  7.111113884444412e-09
46 52 -8.888891022222335e-10
52 46 -8.888891022222335e-10
46 104  9.486776978134180e-25
104 46  9.486776978134180e-25
46 105  5.872766700749731e-25
105 46  5.872766700749731e-25
46 106  1.777779271111121e-09
106 46  1.777779271111121e-09
46 112  1.777778204444475e-09
112 46  1.777778204444475e-09
47 47  3.555556942222207e-09
47 48 -1.129377703462860e-26
48 47 -1.129377703462860e-26
47 53 -4.444445511111168e-10
53 47 -4.444445511111168e-10
47 54  1.411721917570362e-27
54 47  1.411721917570362e-27
47 103 -9.486776978134180e-25
103 47 -9.486776978134180e-25
47 107  8.888896355555606e-10
107 47  8.888896355555606e-10
47 108 -2.823445529206599e-27
108 47 -2.823445529206599e-27
47 113  8.888891022222377e-10
113 47  8.888891022222377e-10
47 114 -2.823443835140738e-27
114 47 -2.823443835140738e-27
48 48  3.555556942222206e-09
48 53  1.411721917570362e-27
53 48  1.411721917570362e-27
48 54 -4.444445511111167e-10
54 48 -4.444445511111167e-10
48 103 -5.872766700749731e-25
103 48 -5.872766700749731e-25
48 107 -2.823445529206599e-27
107 48 -2.823445529206599e-27
48 108  8.888896355555604e-10
108 48  8.888896355555604e-10
48 113 -2.823443835140738e-27
113 48 -2.823443835140738e-27
48 114  8.888891022222376e-10
114 48  8.888891022222376e-10
49 49  1.066667082666662e-06
49 53 -3.794709083635212e-24
53 49 -3.794709083635212e-24
49 54 -2.349105623202751e-24
54 49 -2.349105623202751e-24
49 55 -1.333332853333351e-07
55 49 -1.333332853333351e-07
49 59  4.743382797005723e-25
59 49  4.743382797005723e-25
49 60  2.936379826717828e-25
60 49  2.936379826717828e-25
49 109  2.666667306666687e-07
109 49  2.666667306666687e-07
49 115  2.666668906666707e-07
115 49  2.666668906666707e-07
49 119 -9.486776978134274e-25
119 49 -9.486776978134274e-25
49 120 -5.872766700749789e-25
120 49 -5.872766700749789e-25
50 50  1.066667082666662e-06
50 52  3.794709083635212e-24
52 50  3.794709083635212e-24
50 56 -1.333332853333351e-07
56 50 -1.333332853333351e-07
50 58 -4.743382797005723e-25
58 50 -4.743382797005723e-25
50 110  2.666667306666687e-07
110 50  2.666667306666687e-07
50 116  2.666668906666707e-07
116 50  2.666668906666707e-07
50 118  9.486776978134274e-25
118 50  9.486776978134274e-25
51 51  1.066667082666662e-06
51 52  2.349105623202751e-24
52 51  2.349105623202751e-24
51 57 -1.333332853333351e-07
57 51 -1.333332853333351e-07
51 58 -2.936379826717828e-25
58 51 -2.936379826717828e-25
51 111  2.666667306666687e-07
111 51  2.666667306666687e-07
51 117  2.666668906666707e-07
117 51  2.666668906666707e-07
51 118  5.872766700749789e-25
118 51  5.872766700749789e-25
52 52  7.111113884444413e-09
52 58 -8.888885688889010e-10
58 52 -8.888885688889010e-10
52 110  9.486771286072797e-25
110 52  9.486771286072797e-25
52 111  5.872763177092684e-25
111 52  5.872763177092684e-25
52 112  1.777778204444459e-09
112 52  1.777778204444459e-09
52 118  1.777779271111139e-09
118 52  1.777779271111139e-09
53 53  3.555556942222208e-09
53 54 -1.129377703462860e-26
54 53 -1.129377703462860e-26
53 59 -4.444442844444505e-10
59 53 -4.444442844444505e-10
53 60  1.411721070537416e-27
60 53  1.411721070537416e-27
53 109 -9.486771286072797e-25
109 53 -9.486771286072797e-25
53 113  8.888891022222293e-10
113 53  8.888891022222293e-10
53 114 -2.823443835140712e-27
114 53 -2.823443835140712e-27
53 119  8.888896355555694e-10
119 53  8.888896355555694e-10
53 120 -2.823445529206628e-27
120 53 -2.823445529206628e-27
54 54  3.555556942222207e-09
54 59  1.411721070537416e-27
59 54  1.411721070537416e-27
54 60 -4.444442844444505e-10
60 54 -4.444442844444505e-10
54 109 -5.872763177092684e-25
109 54 -5.872763177092684e-25
54 113 -2.823443835140712e-27
113 54 -2.823443835140712e-27
54 114  8.888891022222293e-10
114 54  8.888891022222293e-10
54 119 -2.823445529206628e-27
119 54 -2.823445529206628e-27
54 120  8.888896355555694e-10
120 54  8.888896355555694e-10
55 55  1.066666122666662e-06
55 59 -3.794705668398372e-24
59 55 -3.794705668398372e-24
55 60 -2.349103509008516e-24
60 55 -2.349103509008516e-24
55 61 -1.333333653333350e-07
61 55 -1.333333653333350e-07
55 65  4.743385643036420e-25
65 55  4.743385643036420e-25
55 66  2.936381588546355e-25
66 55  2.936381588546355e-25
55 115  2.666662506666696e-07
115 55  2.666662506666696e-07
55 121  2.666667306666703e-07
121 55  2.666667306666703e-07
55 125 -9.486771286072856e-25
125 55 -9.486771286072856e-25
55 126 -5.872763177092720e-25
126 55 -5.872763177092720e-25
56 56  1.066666122666662e-06
56 58  3.794705668398372e-24
58 56  3.794705668398372e-24
56 62 -1.333333653333350e-07
62 56 -1.333333653333350e-07
56 64 -4.743385643036420e-25
64 56 -4.743385643036420e-25
56 116  2.666662506666696e-07
116 56  2.666662506666696e-07
56 122  2.666667306666703e-07
122 56  2.666667306666703e-07
56 124  9.486771286072856e-25
124 56  9.486771286072856e-25
57 57  1.066666122666662e-06
57 58  2.349103509008516e-24
58 57  2.349103509008516e-24
57 63 -1.333333653333350e-07
63 57 -1.333333653333350e-07
57 64 -2.936381588546355e-25
64 57 -2.936381588546355e-25
57 117  2.666662506666696e-07
117 57  2.666662506666696e-07
57 123  2.666667306666703e-07
123 57  2.666667306666703e-07
57 124  5.872763177092720e-25
124 57  5.872763177092720e-25
58 58  7.111107484444418e-09
58 64 -8.888891022222335e-10
64 58 -8.888891022222335e-10
58 116  9.486754209888612e-25
116 58  9.486754209888612e-25
58 117  5.872752606121522e-25
117 58  5.872752606121522e-25
58 118  1.777775004444464e-09
118 58  1.777775004444464e-09
58 124  1.777778204444469e-09
124 58  1.777778204444469e-09
59 59  3.555553742222209e-09
59 60 -1.129376687023324e-26
60 59 -1.129376687023324e-26
59 65 -4.444445511111167e-10
65 59 -4.444445511111167e-10
59 66  1.411721917570362e-27
66 59  1.411721917570362e-27
59 115 -9.486754209888612e-25
115 59 -9.486754209888612e-25
59 119  8.888875022222324e-10
119 59  8.888875022222324e-10
59 120 -2.823438752943037e-27
120 59 -2.823438752943037e-27
59 125  8.888891022222347e-10
125 59  8.888891022222347e-10
59 126 -2.823443835140729e-27
126 59 -2.823443835140729e-27
60 60  3.555553742222209e-09
60 65  1.411721917570362e-27
65 60  1.411721917570362e-27
60 66 -4.444445511111167e-10
66 60 -4.444445511111167e-10
60 115 -5.872752606121522e-25
115 60 -5.872752606121522e-25
60 119 -2.823438752943037e-27
119 60 -2.823438752943037e-27
60 120  8.888875022222322e-10
120 60  8.888875022222322e-10
60 125 -2.823443835140729e-27
125 60 -2.823443835140729e-27
60 126  8.888891022222347e-10
126 60  8.888891022222347e-10
61 61  5.333334613333304e-07
61 65 -1.897354257214535e-24
65 61 -1.897354257214535e-24
61 66 -1.174552635418522e-24
66 61 -1.174552635418522e-24
61 121  2.666667306666694e-07
121 61  2.666667306666694e-07
62 62  5.333334613333304e-07
62 64  1.897354257214535e-24
64 62  1.897354257214535e-24
62 122  2.666667306666694e-07
122 62  2.666667306666694e-07
63 63  5.333334613333304e-07
63 64  1.174552635418522e-24
64 63  1.174552635418522e-24
63 123  2.666667306666694e-07
123 63  2.666667306666694e-07
64 64  3.555556408888871e-09
64 122  9.486771286072825e-25
122 64  9.486771286072825e-25
64 123  5.872763177092702e-25
123 64  5.872763177092702e-25
64 124  1.777778204444464e-09
124 64  1.777778204444464e-09
65 65  1.777778204444436e-09
65 66 -5.646887670281349e-27
66 65 -5.646887670281349e-27
65 121 -9.486771286072825e-25
121 65 -9.486771286072825e-25
65 125  8.888891022222320e-10
125 65  8.888891022222320e-10
65 126 -2.823443835140720e-27
126 65 -2.823443835140720e-27
66 66  1.777778204444436e-09
66 121 -5.872763177092702e-25
121 66 -5.872763177092702e-25
66 125 -2.823443835140720e-27
125 66 -2.823443835140720e-27
66 126  8.888891022222320e-10
126 66  8.888891022222320e-10
67 67  2.133333354666681e-06
67 71 -7.589415283292735e-24
71 67 -7.589415283292735e-24
67 72 -4.698209461085979e-24
72 67 -4.698209461085979e-24
68 68  2.133333354666681e-06
68 70  7.589415283292735e-24
70 68  7.589415283292735e-24
69 69  2.133333354666681e-06
69 70  4.698209461085979e-24
70 69  4.698209461085979e-24
70 70  1.422222236444455e-08
71 71  7.111111182222274e-09
71 72 -2.258754548599027e-26
72 71 -2.258754548599027e-26
72 72  7.111111182222273e-09
73 73  2.133333376000014e-06
73 77 -7.589415359186886e-24
77 73 -7.589415359186886e-24
73 78 -4.698209508068072e-24
78 73 -4.698209508068072e-24
74 74  2.133333376000014e-06
74 76  7.589415359186886e-24
76 74  7.589415359186886e-24
75 75  2.133333376000014e-06
75 76  4.698209508068072e-24
76 75  4.698209508068072e-24
76 76  1.422222250666677e-08
77 77  7.111111253333386e-09
77 78 -2.258754571186572e-26
78 77 -2.258754571186572e-26
78 78  7.111111253333385e-09
79 79  2.133333525333347e-06
79 83 -7.589415890445948e-24
83 79 -7.589415890445948e-24
79 84 -4.698209836942730e-24
84 79 -4.698209836942730e-24
80 80  2.133333525333347e-06
80 82  7.589415890445948e-24
82 80  7.589415890445948e-24
81 81  2.133333525333347e-06
81 82  4.698209836942730e-24
82 81  4.698209836942730e-24
82 82  1.422222350222232e-08
83 83  7.111111751111161e-09
83 84 -2.258754729299388e-26
84 83 -2.258754729299388e-26
84 84  7.111111751111160e-09
85 85  2.133333205333349e-06
85 89 -7.589414752033674e-24
89 85 -7.589414752033674e-24
85 90 -4.698209132211321e-24
90 85 -4.698209132211321e-24
86 86  2.133333205333349e-06
86 88  7.589414752033674e-24
88 86  7.589414752033674e-24
87 87  2.133333205333349e-06
87 88  4.698209132211321e-24
88 87  4.698209132211321e-24
88 88  1.422222136888900e-08
89 89  7.111110684444499e-09
89 90 -2.258754390486211e-26
90 89 -2.258754390486211e-26
90 90  7.111110684444498e-09
91 91  2.133333205333347e-06
91 95 -7.589414752033669e-24
95 91 -7.589414752033669e-24
91 96 -4.698209132211318e-24
96 91 -4.698209132211318e-24
92 92  2.133333205333347e-06
92 94  7.589414752033669e-24
94 92  7.589414752033669e-24
93 93  2.133333205333347e-06
93 94  4.698209132211318e-24
94 93  4.698209132211318e-24
94 94  1.422222136888899e-08
95 95  7.111110684444495e-09
95 96 -2.258754390486209e-26
96 95 -2.258754390486209e-26
96 96  7.111110684444494e-09
97 97  2.133333845333347e-06
97 101 -7.589417028858228e-24
101 97 -7.589417028858228e-24
97 102 -4.698210541674141e-24
102 97 -4.698210541674141e-24
98 98  2.133333845333347e-06
98 100  7.589417028858228e-24
100 98  7.589417028858228e-24
99 99  2.133333845333347e-06
99 100  4.698210541674141e-24
100 99  4.698210541674141e-24
100 100  1.422222563555565e-08
101 101  7.111112817777826e-09
101 102 -2.258755068112566e-26
102 101 -2.258755068112566e-26
102 102  7.111112817777826e-09
103 103  2.133332565333348e-06
103 107 -7.589412475209108e-24
107 103 -7.589412475209108e-24
103 108 -4.698207722748495e-24
108 103 -4.698207722748495e-24
104 104  2.133332565333348e-06
104 106  7.589412475209108e-24
106 104  7.589412475209108e-24
105 105  2.133332565333348e-06
105 106  4.698207722748495e-24
106 105  4.698207722748495e-24
106 106  1.422221710222232e-08
107 107  7.111108551111164e-09
107 108 -2.258753712859852e-26
108 107 -2.258753712859852e-26
108 108  7.111108551111162e-09
109 109  2.133333845333349e-06
109 113 -7.589417028858236e-24
113 109 -7.589417028858236e-24
109 114 -4.698210541674147e-24
114 109 -4.698210541674147e-24
110 110  2.133333845333349e-06
110 112  7.589417028858236e-24
112 110  7.589417028858236e-24
111 111  2.133333845333349e-06
111 112  4.698210541674147e-24
112 111  4.698210541674147e-24
112 112  1.422222563555567e-08
113 113  7.111112817777835e-09
113 114 -2.258755068112569e-26
114 113 -2.258755068112569e-26
114 114  7.111112817777834e-09
115 115  2.133332565333348e-06
115 119 -7.589412475209110e-24
119 115 -7.589412475209110e-24
115 120 -4.698207722748495e-24
120 115 -4.698207722748495e-24
116 116  2.133332565333348e-06
116 118  7.589412475209110e-24
118 116  7.589412475209110e-24
117 117  2.133332565333348e-06
117 118  4.698207722748495e-24
118 117  4.698207722748495e-24
118 118  1.422221710222233e-08
119 119  7.111108551111164e-09
119 120 -2.258753712859852e-26
120 119 -2.258753712859852e-26
120 120  7.111108551111163e-09
121 121  2.133333845333347e-06
121 125 -7.589417028858229e-24
125 121 -7.589417028858229e-24
121 126 -4.698210541674142e-24
126 121 -4.698210541674142e-24
122 122  2.133333845333347e-06
122 124  7.589417028858229e-24
124 122  7.589417028858229e-24
123 123  2.133333845333347e-06
123 124  4.698210541674142e-24
124 123  4.698210541674142e-24
124 124  1.422222563555565e-08
125 125  7.111112817777828e-09
125 126 -2.258755068112567e-26
126 125 -2.258755068112567e-26
126 126  7.111112817777826e-09
