1 1  3.999999959999999e+03
1 5 -1.423015337157071e-14
5 1 -1.423015337157071e-14
1 6 -4.766694803665572e-14
6 1 -4.766694803665572e-14
1 7 -3.999999959999999e+03
7 1 -3.999999959999999e+03
1 11  1.423015337157071e-14
11 1  1.423015337157071e-14
1 12  4.766694803665572e-14
12 1  4.766694803665572e-14
2 2  1.279999985694118e+03
2 4  4.553649073545394e-15
4 2  4.553649073545394e-15
2 6  6.399999992470588e+01
6 2  6.399999992470588e+01
2 8 -1.279999985694118e+03
8 2 -1.279999985694118e+03
2 10 -4.553649073545394e-15
10 2 -4.553649073545394e-15
2 12  6.399999992470588e+01
12 2  6.399999992470588e+01
3 3  1.279999985694118e+03
3 4  2.818925616956672e-15
4 3  2.818925616956672e-15
3 5 -6.399999992470588e+01
5 3 -6.399999992470588e+01
3 9 -1.279999985694118e+03
9 3 -1.279999985694118e+03
3 10 -2.818925616956672e-15
10 3 -2.818925616956672e-15
3 11 -6.399999992470588e+01
11 3 -6.399999992470588e+01
4 4  9.013333243199844e+00
4 5 -1.409462822572964e-16
5 4 -1.409462822572964e-16
4 6  2.276824559540942e-16
6 4  2.276824559540942e-16
4 8 -4.553649073545393e-15
8 4 -4.553649073545393e-15
4 9 -2.818925616956672e-15
9 4 -2.818925616956672e-15
4 10 -9.013333243199844e+00
10 4 -9.013333243199844e+00
4 11 -1.409462822572964e-16
11 4 -1.409462822572964e-16
4 12  2.276824559540942e-16
12 4  2.276824559540942e-16
5 5  1.653333322823530e+01
5 6  1.387778766903660e-16
6 5  1.387778766903660e-16
5 7  1.423015337157071e-14
7 5  1.423015337157071e-14
5 9  6.399999992470588e+01
9 5  6.399999992470588e+01
5 10  1.409462822572964e-16
10 5  1.409462822572964e-16
5 11 -1.013333317176471e+01
11 5 -1.013333317176471e+01
5 12 -1.387778766903660e-16
12 5 -1.387778766903660e-16
6 6  1.653333322823530e+01
6 7  4.766694803665572e-14
7 6  4.766694803665572e-14
6 8 -6.399999992470588e+01
8 6 -6.399999992470588e+01
6 10 -2.276824559540942e-16
10 6 -2.276824559540942e-16
6 11 -1.387778766903660e-16
11 6 -1.387778766903660e-16
6 12 -1.013333317176471e+01
12 6 -1.013333317176471e+01
7 7  7.999999879999999e+03
7 11 -2.846030660083988e-14
11 7 -2.846030660083988e-14
7 12 -9.533389559664198e-14
12 7 -9.533389559664198e-14
7 13 -3.999999920000000e+03
13 7 -3.999999920000000e+03
7 17  1.423015322926918e-14
17 7  1.423015322926918e-14
7 18  4.766694755998625e-14
18 7  4.766694755998625e-14
8 8  2.559999957082353e+03
8 10  9.107298096197063e-15
10 8  9.107298096197063e-15
8 12 -7.529411050199997e-08
12 8 -7.529411050199997e-08
8 14 -1.279999971388236e+03
14 8 -1.279999971388236e+03
8 16 -4.553649022651669e-15
16 8 -4.553649022651669e-15
8 18  6.399999984941176e+01
18 8  6.399999984941176e+01
9 9  2.559999957082353e+03
9 10  5.637851202407706e-15
10 9  5.637851202407706e-15
9 11  7.529411050199997e-08
11 9  7.529411050199997e-08
9 15 -1.279999971388236e+03
15 9 -1.279999971388236e+03
9 16 -2.818925585451033e-15
16 9 -2.818925585451033e-15
9 17 -6.399999984941176e+01
17 9 -6.399999984941176e+01
10 10  1.802666639626636e+01
10 11  1.658191539231356e-25
11 10  1.658191539231356e-25
10 12 -2.678617139761272e-25
12 10 -2.678617139761272e-25
10 14 -4.553649022651669e-15
14 10 -4.553649022651669e-15
10 15 -2.818925585451033e-15
15 10 -2.818925585451033e-15
10 16 -9.013333153066514e+00
16 10 -9.013333153066514e+00
10 17 -1.409462820914773e-16
17 10 -1.409462820914773e-16
10 18  2.276824556862325e-16
18 10  2.276824556862325e-16
11 11  3.306666635137256e+01
11 12  2.775557519929531e-16
12 11  2.775557519929531e-16
11 13  1.423015322926918e-14
13 11  1.423015322926918e-14
11 15  6.399999984941176e+01
15 11  6.399999984941176e+01
11 16  1.409462820914773e-16
16 11  1.409462820914773e-16
11 17 -1.013333301019608e+01
17 11 -1.013333301019608e+01
11 18 -1.387778753025872e-16
18 11 -1.387778753025872e-16
12 12  3.306666635137256e+01
12 13  4.766694755998625e-14
13 12  4.766694755998625e-14
12 14 -6.399999984941176e+01
14 12 -6.399999984941176e+01
12 16 -2.276824556862325e-16
16 12 -2.276824556862325e-16
12 17 -1.387778753025872e-16
17 12 -1.387778753025872e-16
12 18 -1.013333301019608e+01
18 12 -1.013333301019608e+01
13 13  7.999999560000033e+03
13 17 -2.846030546242772e-14
17 13 -2.846030546242772e-14
13 18 -9.533389178328648e-14
18 13 -9.533389178328648e-14
13 19 -3.999999640000032e+03
19 13 -3.999999640000032e+03
13 23  1.423015223315854e-14
23 13  1.423015223315854e-14
13 24  4.766694422330023e-14
24 13  4.766694422330023e-14
14 14  2.559999842635306e+03
14 16  9.107297689047300e-15
16 14  9.107297689047300e-15
14 18 -5.270588445682733e-07
18 14 -5.270588445682733e-07
14 20 -1.279999871247070e+03
20 14 -1.279999871247070e+03
14 22 -4.553648666395630e-15
22 14 -4.553648666395630e-15
14 24  6.399999932235292e+01
24 14  6.399999932235292e+01
15 15  2.559999842635306e+03
15 16  5.637850950362615e-15
16 15  5.637850950362615e-15
15 17  5.270588445682733e-07
17 15  5.270588445682733e-07
15 21 -1.279999871247070e+03
21 15 -1.279999871247070e+03
15 22 -2.818925364911581e-15
22 15 -2.818925364911581e-15
15 23 -6.399999932235292e+01
23 15 -6.399999932235292e+01
16 16  1.802666567519977e+01
16 17  1.160734126765756e-24
17 16  1.160734126765756e-24
16 18 -1.875032047136697e-24
18 16 -1.875032047136697e-24
16 20 -4.553648666395630e-15
20 16 -4.553648666395630e-15
16 21 -2.818925364911581e-15
21 16 -2.818925364911581e-15
16 22 -9.013332522133252e+00
22 16 -9.013332522133252e+00
16 23 -1.409462809307431e-16
23 16 -1.409462809307431e-16
16 24  2.276824538112005e-16
24 16  2.276824538112005e-16
17 17  3.306666551058835e+01
17 18  2.775557408907240e-16
18 17  2.775557408907240e-16
17 19  1.423015223315854e-14
19 17  1.423015223315854e-14
17 21  6.399999932235292e+01
21 17  6.399999932235292e+01
17 22  1.409462809307431e-16
22 17  1.409462809307431e-16
17 23 -1.013333187921580e+01
23 17 -1.013333187921580e+01
17 24 -1.387778655881369e-16
24 17 -1.387778655881369e-16
18 18  3.306666551058835e+01
18 19  4.766694422330023e-14
19 18  4.766694422330023e-14
18 20 -6.399999932235292e+01
20 18 -6.399999932235292e+01
18 22 -2.276824538112005e-16
22 18 -2.276824538112005e-16
18 23 -1.387778655881369e-16
23 18 -1.387778655881369e-16
18 24 -1.013333187921580e+01
24 18 -1.013333187921580e+01
19 19  7.999999880000044e+03
19 23 -2.846030660084004e-14
23 19 -2.846030660084004e-14
19 24 -9.533389559664250e-14
24 19 -9.533389559664250e-14
19 25 -4.000000240000012e+03
25 19 -4.000000240000012e+03
19 29  1.423015436768150e-14
29 19  1.423015436768150e-14
19 30  4.766695137334226e-14
30 19  4.766695137334226e-14
20 20  2.559999957082369e+03
20 22  9.107298096197117e-15
22 20  9.107298096197117e-15
20 24  1.129411771216837e-06
24 20  1.129411771216837e-06
20 26 -1.280000085835298e+03
26 20 -1.280000085835298e+03
20 28 -4.553649429801487e-15
28 20 -4.553649429801487e-15
20 30  6.400000045176469e+01
30 20  6.400000045176469e+01
21 21  2.559999957082369e+03
21 22  5.637851202407740e-15
22 21  5.637851202407740e-15
21 23 -1.129411771216837e-06
23 21 -1.129411771216837e-06
21 27 -1.280000085835298e+03
27 21 -1.280000085835298e+03
21 28 -2.818925837496158e-15
28 21 -2.818925837496158e-15
21 29 -6.400000045176469e+01
29 21 -6.400000045176469e+01
22 22  1.802666639626646e+01
22 23 -2.487287333498937e-24
23 22 -2.487287333498937e-24
22 24  4.017925660338102e-24
24 22  4.017925660338102e-24
22 26 -4.553649429801487e-15
26 22 -4.553649429801487e-15
22 27 -2.818925837496159e-15
27 22 -2.818925837496159e-15
22 28 -9.013333874133206e+00
28 22 -9.013333874133206e+00
22 29 -1.409462834180305e-16
29 22 -1.409462834180305e-16
22 30  2.276824578291261e-16
30 22  2.276824578291261e-16
23 23  3.306666635137270e+01
23 24  2.775557519929547e-16
24 23  2.775557519929547e-16
23 25  1.423015436768150e-14
25 23  1.423015436768150e-14
23 27  6.400000045176469e+01
27 23  6.400000045176469e+01
23 28  1.409462834180305e-16
28 23  1.409462834180305e-16
23 29 -1.013333430274514e+01
29 23 -1.013333430274514e+01
23 30 -1.387778864048179e-16
30 23 -1.387778864048179e-16
24 24  3.306666635137270e+01
24 25  4.766695137334227e-14
25 24  4.766695137334227e-14
24 26 -6.400000045176469e+01
26 24 -6.400000045176469e+01
24 28 -2.276824578291261e-16
28 24 -2.276824578291261e-16
24 29 -1.387778864048179e-16
29 24 -1.387778864048179e-16
24 30 -1.013333430274514e+01
30 24 -1.013333430274514e+01
25 25  8.000000480000024e+03
25 29 -2.846030873536300e-14
29 25 -2.846030873536300e-14
25 30 -9.533390274668454e-14
30 25 -9.533390274668454e-14
25 31 -4.000000240000013e+03
31 25 -4.000000240000013e+03
25 35  1.423015436768150e-14
35 25  1.423015436768150e-14
25 36  4.766695137334228e-14
36 25  4.766695137334228e-14
26 26  2.560000171670598e+03
26 28  9.107298859602976e-15
28 26  9.107298859602976e-15
26 32 -1.280000085835299e+03
32 26 -1.280000085835299e+03
26 34 -4.553649429801490e-15
34 26 -4.553649429801490e-15
26 36  6.400000045176469e+01
36 26  6.400000045176469e+01
27 27  2.560000171670598e+03
27 28  5.637851674992319e-15
28 27  5.637851674992319e-15
27 33 -1.280000085835299e+03
33 27 -1.280000085835299e+03
27 34 -2.818925837496160e-15
34 27 -2.818925837496160e-15
27 35 -6.400000045176469e+01
35 27 -6.400000045176469e+01
28 28  1.802666774826642e+01
28 32 -4.553649429801491e-15
32 28 -4.553649429801491e-15
28 33 -2.818925837496161e-15
33 28 -2.818925837496161e-15
28 34 -9.013333874133211e+00
34 28 -9.013333874133211e+00
28 35 -1.409462834180305e-16
35 28 -1.409462834180305e-16
28 36  2.276824578291261e-16
36 28  2.276824578291261e-16
29 29  3.306666792784323e+01
29 30  2.775557728096358e-16
30 29  2.775557728096358e-16
29 31  1.423015436768150e-14
31 29  1.423015436768150e-14
29 33  6.400000045176469e+01
33 29  6.400000045176469e+01
29 34  1.409462834180305e-16
34 29  1.409462834180305e-16
29 35 -1.013333430274515e+01
35 29 -1.013333430274515e+01
29 36 -1.387778864048180e-16
36 29 -1.387778864048180e-16
30 30  3.306666792784323e+01
30 31  4.766695137334229e-14
31 30  4.766695137334229e-14
30 32 -6.400000045176469e+01
32 30 -6.400000045176469e+01
30 34 -2.276824578291261e-16
34 30 -2.276824578291261e-16
30 35 -1.387778864048180e-16
35 30 -1.387778864048180e-16
30 36 -1.013333430274515e+01
36 30 -1.013333430274515e+01
31 31  7.999999280000244e+03
31 35 -2.846030446631773e-14
35 31 -2.846030446631773e-14
31 36 -9.533388844660260e-14
36 31 -9.533388844660260e-14
31 37 -3.999999040000231e+03
37 31 -3.999999040000231e+03
31 41  1.423015009863622e-14
41 31  1.423015009863622e-14
31 42  4.766693707326032e-14
42 31  4.766693707326032e-14
32 32  2.559999742494203e+03
32 34  9.107297332791480e-15
34 32  9.107297332791480e-15
32 36 -2.258823677436794e-06
36 32 -2.258823677436794e-06
32 38 -1.279999656658903e+03
38 32 -1.279999656658903e+03
32 40 -4.553647902989989e-15
40 32 -4.553647902989989e-15
32 42  6.399999819294101e+01
42 32  6.399999819294101e+01
33 33  2.559999742494203e+03
33 34  5.637850729823297e-15
34 33  5.637850729823297e-15
33 35  2.258823677436794e-06
35 33  2.258823677436794e-06
33 39 -1.279999656658903e+03
39 33 -1.279999656658903e+03
33 40 -2.818924892327136e-15
40 33 -2.818924892327136e-15
33 41 -6.399999819294101e+01
41 33 -6.399999819294101e+01
34 34  1.802666504426691e+01
34 35  4.974574987472617e-24
35 34  4.974574987472617e-24
34 36 -8.035851912321883e-24
36 34 -8.035851912321883e-24
34 38 -4.553647902989989e-15
38 34 -4.553647902989989e-15
34 39 -2.818924892327136e-15
39 34 -2.818924892327136e-15
34 40 -9.013331170133698e+00
40 34 -9.013331170133698e+00
34 41 -1.409462784434555e-16
41 34 -1.409462784434555e-16
34 42  2.276824497932742e-16
42 34  2.276824497932742e-16
35 35  3.306666477490275e+01
35 36  2.775557311762800e-16
36 35  2.775557311762800e-16
35 37  1.423015009863622e-14
37 35  1.423015009863622e-14
35 39  6.399999819294101e+01
39 35  6.399999819294101e+01
35 40  1.409462784434555e-16
40 35  1.409462784434555e-16
35 41 -1.013332945568708e+01
41 35 -1.013332945568708e+01
35 42 -1.387778447714620e-16
42 35 -1.387778447714620e-16
36 36  3.306666477490275e+01
36 37  4.766693707326032e-14
37 36  4.766693707326032e-14
36 38 -6.399999819294101e+01
38 36 -6.399999819294101e+01
36 40 -2.276824497932742e-16
40 36 -2.276824497932742e-16
36 41 -1.387778447714620e-16
41 36 -1.387778447714620e-16
36 42 -1.013332945568708e+01
42 36 -1.013332945568708e+01
37 37  8.000000480000748e+03
37 41 -2.846030873536557e-14
41 37 -2.846030873536557e-14
37 42 -9.533390274669316e-14
42 37 -9.533390274669316e-14
37 43 -4.000001440000518e+03
43 37 -4.000001440000518e+03
37 47  1.423015863672935e-14
47 37  1.423015863672935e-14
37 48  4.766696567343284e-14
48 37  4.766696567343284e-14
38 38  2.560000171670846e+03
38 40  9.107298859603860e-15
40 38  9.107298859603860e-15
38 42  4.517646850388246e-06
42 38  4.517646850388246e-06
38 44 -1.280000515011943e+03
44 38 -1.280000515011943e+03
38 46 -4.553650956613871e-15
46 38 -4.553650956613871e-15
38 48  6.400000271058786e+01
48 38  6.400000271058786e+01
39 39  2.560000171670846e+03
39 40  5.637851674992866e-15
40 39  5.637851674992866e-15
39 41 -4.517646850388246e-06
41 39 -4.517646850388246e-06
39 45 -1.280000515011943e+03
45 39 -1.280000515011943e+03
39 46 -2.818926782665729e-15
46 39 -2.818926782665729e-15
39 47 -6.400000271058786e+01
47 39 -6.400000271058786e+01
40 40  1.802666774826804e+01
40 41 -9.949148890261490e-24
41 40 -9.949148890261490e-24
40 42  1.607170209901054e-23
42 40  1.607170209901054e-23
40 44 -4.553650956613871e-15
44 40 -4.553650956613871e-15
40 45 -2.818926782665729e-15
45 40 -2.818926782665729e-15
40 46 -9.013336578134345e+00
46 40 -9.013336578134345e+00
40 47 -1.409462883926044e-16
47 40 -1.409462883926044e-16
40 48  2.276824658649763e-16
48 40  2.276824658649763e-16
41 41  3.306666792784554e+01
41 42  2.775557728096609e-16
42 41  2.775557728096609e-16
41 43  1.423015863672935e-14
43 41  1.423015863672935e-14
41 45  6.400000271058786e+01
45 41  6.400000271058786e+01
41 46  1.409462883926044e-16
46 41  1.409462883926044e-16
41 47 -1.013333914980572e+01
47 41 -1.013333914980572e+01
41 48 -1.387779280381988e-16
48 41 -1.387779280381988e-16
42 42  3.306666792784554e+01
42 43  4.766696567343284e-14
43 42  4.766696567343284e-14
42 44 -6.400000271058786e+01
44 42 -6.400000271058786e+01
42 46 -2.276824658649763e-16
46 42 -2.276824658649763e-16
42 47 -1.387779280381988e-16
47 42 -1.387779280381988e-16
42 48 -1.013333914980572e+01
48 42 -1.013333914980572e+01
43 43  8.000000480000745e+03
43 47 -2.846030873536555e-14
47 43 -2.846030873536555e-14
43 48 -9.533390274669312e-14
48 43 -9.533390274669312e-14
43 49 -3.999999040000227e+03
49 43 -3.999999040000227e+03
43 53  1.423015009863621e-14
53 43  1.423015009863621e-14
43 54  4.766693707326027e-14
54 43  4.766693707326027e-14
44 44  2.560000171670844e+03
44 46  9.107298859603853e-15
46 44  9.107298859603853e-15
44 48 -4.517646864599101e-06
48 44 -4.517646864599101e-06
44 50 -1.279999656658902e+03
50 44 -1.279999656658902e+03
44 52 -4.553647902989983e-15
52 44 -4.553647902989983e-15
44 54  6.399999819294100e+01
54 44  6.399999819294100e+01
45 45  2.560000171670844e+03
45 46  5.637851674992862e-15
46 45  5.637851674992862e-15
45 47  4.517646864599101e-06
47 45  4.517646864599101e-06
45 51 -1.279999656658902e+03
51 45 -1.279999656658902e+03
45 52 -2.818924892327133e-15
52 45 -2.818924892327133e-15
45 53 -6.399999819294100e+01
53 45 -6.399999819294100e+01
46 46  1.802666774826803e+01
46 47  9.949148939565296e-24
47 46  9.949148939565296e-24
46 48 -1.607170214831434e-23
48 46 -1.607170214831434e-23
46 50 -4.553647902989984e-15
50 46 -4.553647902989984e-15
46 51 -2.818924892327133e-15
51 46 -2.818924892327133e-15
46 52 -9.013331170133689e+00
52 46 -9.013331170133689e+00
46 53 -1.409462784434554e-16
53 46 -1.409462784434554e-16
46 54  2.276824497932742e-16
54 46  2.276824497932742e-16
47 47  3.306666792784553e+01
47 48  2.775557728096607e-16
48 47  2.775557728096607e-16
47 49  1.423015009863621e-14
49 47  1.423015009863621e-14
47 51  6.399999819294100e+01
51 47  6.399999819294100e+01
47 52  1.409462784434554e-16
52 47  1.409462784434554e-16
47 53 -1.013332945568706e+01
53 47 -1.013332945568706e+01
47 54 -1.387778447714619e-16
54 47 -1.387778447714619e-16
48 48  3.306666792784553e+01
48 49  4.766693707326027e-14
49 48  4.766693707326027e-14
48 50 -6.399999819294100e+01
50 48 -6.399999819294100e+01
48 52 -2.276824497932742e-16
52 48 -2.276824497932742e-16
48 53 -1.387778447714619e-16
53 48 -1.387778447714619e-16
48 54 -1.013332945568706e+01
54 48 -1.013332945568706e+01
49 49  8.000000480000745e+03
49 53 -2.846030873536555e-14
53 49 -2.846030873536555e-14
49 54 -9.533390274669312e-14
54 49 -9.533390274669312e-14
49 55 -4.000001440000518e+03
55 49 -4.000001440000518e+03
49 59  1.423015863672935e-14
59 49  1.423015863672935e-14
49 60  4.766696567343284e-14
60 49  4.766696567343284e-14
50 50  2.560000171670844e+03
50 52  9.107298859603853e-15
52 50  9.107298859603853e-15
50 54  4.517646864599101e-06
54 50  4.517646864599101e-06
50 56 -1.280000515011943e+03
56 50 -1.280000515011943e+03
50 58 -4.553650956613871e-15
58 50 -4.553650956613871e-15
50 60  6.400000271058786e+01
60 50  6.400000271058786e+01
51 51  2.560000171670844e+03
51 52  5.637851674992862e-15
52 51  5.637851674992862e-15
51 53 -4.517646864599101e-06
53 51 -4.517646864599101e-06
51 57 -1.280000515011943e+03
57 51 -1.280000515011943e+03
51 58 -2.818926782665729e-15
58 51 -2.818926782665729e-15
51 59 -6.400000271058786e+01
59 51 -6.400000271058786e+01
52 52  1.802666774826803e+01
52 53 -9.949148939565296e-24
53 52 -9.949148939565296e-24
52 54  1.607170214831434e-23
54 52  1.607170214831434e-23
52 56 -4.553650956613871e-15
56 52 -4.553650956613871e-15
52 57 -2.818926782665729e-15
57 52 -2.818926782665729e-15
52 58 -9.013336578134345e+00
58 52 -9.013336578134345e+00
52 59 -1.409462883926044e-16
59 52 -1.409462883926044e-16
52 60  2.276824658649763e-16
60 52  2.276824658649763e-16
53 53  3.306666792784553e+01
53 54  2.775557728096607e-16
54 53  2.775557728096607e-16
53 55  1.423015863672935e-14
55 53  1.423015863672935e-14
53 57  6.400000271058786e+01
57 53  6.400000271058786e+01
53 58  1.409462883926044e-16
58 53  1.409462883926044e-16
53 59 -1.013333914980572e+01
59 53 -1.013333914980572e+01
53 60 -1.387779280381988e-16
60 53 -1.387779280381988e-16
54 54  3.306666792784553e+01
54 55  4.766696567343284e-14
55 54  4.766696567343284e-14
54 56 -6.400000271058786e+01
56 54 -6.400000271058786e+01
54 58 -2.276824658649763e-16
58 54 -2.276824658649763e-16
54 59 -1.387779280381988e-16
59 54 -1.387779280381988e-16
54 60 -1.013333914980572e+01
60 54 -1.013333914980572e+01
55 55  8.000000480000748e+03
55 59 -2.846030873536557e-14
59 55 -2.846030873536557e-14
55 60 -9.533390274669316e-14
60 55 -9.533390274669316e-14
55 61 -3.999999040000231e+03
61 55 -3.999999040000231e+03
55 65  1.423015009863622e-14
65 55  1.423015009863622e-14
55 66  4.766693707326032e-14
66 55  4.766693707326032e-14
56 56  2.560000171670846e+03
56 58  9.107298859603860e-15
58 56  9.107298859603860e-15
56 60 -4.517646850388246e-06
60 56 -4.517646850388246e-06
56 62 -1.279999656658903e+03
62 56 -1.279999656658903e+03
56 64 -4.553647902989989e-15
64 56 -4.553647902989989e-15
56 66  6.399999819294101e+01
66 56  6.399999819294101e+01
57 57  2.560000171670846e+03
57 58  5.637851674992866e-15
58 57  5.637851674992866e-15
57 59  4.517646850388246e-06
59 57  4.517646850388246e-06
57 63 -1.279999656658903e+03
63 57 -1.279999656658903e+03
57 64 -2.818924892327136e-15
64 57 -2.818924892327136e-15
57 65 -6.399999819294101e+01
65 57 -6.399999819294101e+01
58 58  1.802666774826804e+01
58 59  9.949148890261490e-24
59 58  9.949148890261490e-24
58 60 -1.607170209901054e-23
60 58 -1.607170209901054e-23
58 62 -4.553647902989989e-15
62 58 -4.553647902989989e-15
58 63 -2.818924892327136e-15
63 58 -2.818924892327136e-15
58 64 -9.013331170133698e+00
64 58 -9.013331170133698e+00
58 65 -1.409462784434555e-16
65 58 -1.409462784434555e-16
58 66  2.276824497932742e-16
66 58  2.276824497932742e-16
59 59  3.306666792784554e+01
59 60  2.775557728096609e-16
60 59  2.775557728096609e-16
59 61  1.423015009863622e-14
61 59  1.423015009863622e-14
59 63  6.399999819294101e+01
63 59  6.399999819294101e+01
59 64  1.409462784434555e-16
64 59  1.409462784434555e-16
59 65 -1.013332945568708e+01
65 59 -1.013332945568708e+01
59 66 -1.387778447714620e-16
66 59 -1.387778447714620e-16
60 60  3.306666792784554e+01
60 61  4.766693707326032e-14
61 60  4.766693707326032e-14
60 62 -6.399999819294101e+01
62 60 -6.399999819294101e+01
60 64 -2.276824497932742e-16
64 60 -2.276824497932742e-16
60 65 -1.387778447714620e-16
65 60 -1.387778447714620e-16
60 66 -1.013332945568708e+01
66 60 -1.013332945568708e+01
61 61  3.999999040000231e+03
61 65 -1.423015009863622e-14
65 61 -1.423015009863622e-14
61 66 -4.766693707326032e-14
66 61 -4.766693707326032e-14
62 62  1.279999656658903e+03
62 64  4.553647902989989e-15
64 62  4.553647902989989e-15
62 66 -6.399999819294101e+01
66 62 -6.399999819294101e+01
63 63  1.279999656658903e+03
63 64  2.818924892327136e-15
64 63  2.818924892327136e-15
63 65  6.399999819294101e+01
65 63  6.399999819294101e+01
64 64  9.013331170133698e+00
64 65  1.409462784434555e-16
65 64  1.409462784434555e-16
64 66 -2.276824497932742e-16
66 64 -2.276824497932742e-16
65 65  1.653333081098113e+01
65 66  1.387778447714620e-16
66 65  1.387778447714620e-16
66 66  1.653333081098113e+01
