1 1  2.000000020000000e-06
1 5 -7.115076828086893e-24
5 1 -7.115076828086893e-24
1 6 -4.404571369768076e-24
6 1 -4.404571369768076e-24
2 2  2.000000020000000e-06
2 4  7.115076828086893e-24
4 2  7.115076828086893e-24
3 3  2.000000020000000e-06
3 4  4.404571369768076e-24
4 3  4.404571369768076e-24
4 4  1.333333346666668e-08
5 5  6.666666733333338e-09
5 6 -2.117582389311574e-26
6 5 -2.117582389311574e-26
6 6  6.666666733333338e-09
7 7  4.000000060000000e-06
7 11 -1.423015372732455e-23
11 7 -1.423015372732455e-23
7 12 -8.809142783581864e-24
12 7 -8.809142783581864e-24
8 8  4.000000060000000e-06
8 10  1.423015372732455e-23
10 8  1.423015372732455e-23
9 9  4.000000060000000e-06
9 10  8.809142783581864e-24
10 9  8.809142783581864e-24
10 10  2.666666706666668e-08
11 11  1.333333353333334e-08
11 12 -4.235164799798970e-26
12 11 -4.235164799798970e-26
12 12  1.333333353333334e-08
13 13  4.000000220000000e-06
13 17 -1.423015429653069e-23
17 13 -1.423015429653069e-23
13 18 -8.809143135947568e-24
18 13 -8.809143135947568e-24
14 14  4.000000220000000e-06
14 16  1.423015429653069e-23
16 14  1.423015429653069e-23
15 15  4.000000220000000e-06
15 16  8.809143135947568e-24
16 15  8.809143135947568e-24
16 16  2.666666813333335e-08
17 17  1.333333406666667e-08
17 18 -4.235164969205559e-26
18 17 -4.235164969205559e-26
18 18  1.333333406666667e-08
19 19  4.000000060000000e-06
19 23 -1.423015372732455e-23
23 19 -1.423015372732455e-23
19 24 -8.809142783581865e-24
24 19 -8.809142783581865e-24
20 20  4.000000060000000e-06
20 22  1.423015372732455e-23
22 20  1.423015372732455e-23
21 21  4.000000060000000e-06
21 22  8.809142783581865e-24
22 21  8.809142783581865e-24
22 22  2.666666706666668e-08
23 23  1.333333353333334e-08
23 24 -4.235164799798971e-26
24 23 -4.235164799798971e-26
24 24  1.333333353333334e-08
25 25  3.999999760000001e-06
25 29 -1.423015266006304e-23
29 25 -1.423015266006304e-23
25 30 -8.809142122896166e-24
30 25 -8.809142122896166e-24
26 26  3.999999760000001e-06
26 28  1.423015266006304e-23
28 26  1.423015266006304e-23
27 27  3.999999760000001e-06
27 28  8.809142122896166e-24
28 27  8.809142122896166e-24
28 28  2.666666506666668e-08
29 29  1.333333253333334e-08
29 30 -4.235164482161616e-26
30 29 -4.235164482161616e-26
30 30  1.333333253333334e-08
31 31  4.000000359999999e-06
31 35 -1.423015479458606e-23
35 31 -1.423015479458606e-23
31 36 -8.809143444267562e-24
36 31 -8.809143444267562e-24
32 32  4.000000359999999e-06
32 34  1.423015479458606e-23
34 32  1.423015479458606e-23
33 33  4.000000359999999e-06
33 34  8.809143444267562e-24
34 33  8.809143444267562e-24
34 34  2.666666906666667e-08
35 35  1.333333453333334e-08
35 36 -4.235165117436325e-26
36 35 -4.235165117436325e-26
36 36  1.333333453333334e-08
37 37  3.999999760000000e-06
37 41 -1.423015266006303e-23
41 37 -1.423015266006303e-23
37 42 -8.809142122896165e-24
42 37 -8.809142122896165e-24
38 38  3.999999760000000e-06
38 40  1.423015266006303e-23
40 38  1.423015266006303e-23
39 39  3.999999760000000e-06
39 40  8.809142122896165e-24
40 39  8.809142122896165e-24
40 40  2.666666506666668e-08
41 41  1.333333253333334e-08
41 42 -4.235164482161615e-26
42 41 -4.235164482161615e-26
42 42  1.333333253333334e-08
43 43  3.999999760000002e-06
43 47 -1.423015266006304e-23
47 43 -1.423015266006304e-23
43 48 -8.809142122896169e-24
48 43 -8.809142122896169e-24
44 44  3.999999760000002e-06
44 46  1.423015266006304e-23
46 44  1.423015266006304e-23
45 45  3.999999760000002e-06
45 46  8.809142122896169e-24
46 45  8.809142122896169e-24
46 46  2.666666506666669e-08
47 47  1.333333253333335e-08
47 48 -4.235164482161617e-26
48 47 -4.235164482161617e-26
48 48  1.333333253333335e-08
49 49  3.999999760000002e-06
49 53 -1.423015266006304e-23
53 49 -1.423015266006304e-23
49 54 -8.809142122896169e-24
54 49 -8.809142122896169e-24
50 50  3.999999760000002e-06
50 52  1.423015266006304e-23
52 50  1.423015266006304e-23
51 51  3.999999760000002e-06
51 52  8.809142122896169e-24
52 51  8.809142122896169e-24
52 52  2.666666506666669e-08
53 53  1.333333253333335e-08
53 54 -4.235164482161617e-26
54 53 -4.235164482161617e-26
54 54  1.333333253333335e-08
55 55  3.999999760000000e-06
55 59 -1.423015266006303e-23
59 55 -1.423015266006303e-23
55 60 -8.809142122896165e-24
60 55 -8.809142122896165e-24
56 56  3.999999760000000e-06
56 58  1.423015266006303e-23
58 56  1.423015266006303e-23
57 57  3.999999760000000e-06
57 58  8.809142122896165e-24
58 57  8.809142122896165e-24
58 58  2.666666506666668e-08
59 59  1.333333253333334e-08
59 60 -4.235164482161615e-26
60 59 -4.235164482161615e-26
60 60  1.333333253333334e-08
61 61  2.000000480000000e-06
61 65 -7.115078464554543e-24
65 61 -7.115078464554543e-24
61 66 -4.404572382819479e-24
66 61 -4.404572382819479e-24
62 62  2.000000480000000e-06
62 64  7.115078464554543e-24
64 62  7.115078464554543e-24
63 63  2.000000480000000e-06
63 64  4.404572382819479e-24
64 63  4.404572382819479e-24
64 64  1.333333653333334e-08
65 65  6.666668266666669e-09
65 66 -2.117582876355517e-26
66 65 -2.117582876355517e-26
66 66  6.666668266666669e-09
