1 1  1.540019455362558e+07
1 2 -5.997136374512240e+05
2 1 -5.997136374512240e+05
1 33 -2.409339735006058e+06
33 1 -2.409339735006058e+06
1 34 -1.296229842444562e+06
34 1 -1.296229842444562e+06
1 129 -1.529152591068523e+06
129 1 -1.529152591068523e+06
1 130  2.257026175567400e+06
130 1  2.257026175567400e+06
1 163 -1.391379416749446e+06
163 1 -1.391379416749446e+06
1 164 -1.846656432116063e+06
164 1 -1.846656432116063e+06
1 179 -8.484571327259239e+05
179 1 -8.484571327259239e+05
1 180  1.839602943550240e+06
180 1  1.839602943550240e+06
1 623 -2.807441650506146e+06
623 1 -2.807441650506146e+06
1 624 -1.082330102217402e+06
624 1 -1.082330102217402e+06
1 627 -3.737590530605027e+06
627 1 -3.737590530605027e+06
1 628  1.897074358649608e+06
628 1  1.897074358649608e+06
1 631  3.390866441283615e+06
631 1  3.390866441283615e+06
1 632 -9.632324218019801e+05
632 1 -9.632324218019801e+05
1 713 -1.268173611460402e+06
713 1 -1.268173611460402e+06
1 803 -1.306433471595665e+06
803 1 -1.306433471595665e+06
1 804 -2.069645238407206e+05
804 1 -2.069645238407206e+05
1 979 -3.133856479553212e+06
979 1 -3.133856479553212e+06
1 980 -1.528048986845989e+06
980 1 -1.528048986845989e+06
1 983 -3.120075983524587e+06
983 1 -3.120075983524587e+06
1 984  1.519982891705727e+06
984 1  1.519982891705727e+06
1 985  2.760839607885795e+06
985 1  2.760839607885795e+06
1 986  9.489577244964894e+03
986 1  9.489577244964894e+03
2 2  1.580612357325671e+07
2 33 -1.296229842444563e+06
33 2 -1.296229842444563e+06
2 34 -8.458501002457691e+03
34 2 -8.458501002457691e+03
2 129  2.257026175567400e+06
129 2  2.257026175567400e+06
2 130  1.588228400434851e+06
130 2  1.588228400434851e+06
2 163 -1.846656432116063e+06
163 2 -1.846656432116063e+06
2 164  1.931823674059141e+06
164 2  1.931823674059141e+06
2 179  1.839602943550240e+06
179 2  1.839602943550240e+06
2 180  3.332915790303621e+06
180 2  3.332915790303621e+06
2 623 -1.082330102217402e+06
623 2 -1.082330102217402e+06
2 624 -2.158690300326709e+06
624 2 -2.158690300326709e+06
2 627  1.897074358649608e+06
627 2  1.897074358649608e+06
2 628 -5.214821663148448e+06
628 2 -5.214821663148448e+06
2 631 -9.632324218019802e+05
631 2 -9.632324218019802e+05
2 632 -2.982813009254147e+06
632 2 -2.982813009254147e+06
2 714 -4.736492324248276e+05
714 2 -4.736492324248276e+05
2 803 -2.069645238407206e+05
803 2 -2.069645238407206e+05
2 804 -5.618003659646186e+05
804 2 -5.618003659646186e+05
2 979 -1.528048986845989e+06
979 2 -1.528048986845989e+06
2 980 -3.698251758942932e+06
980 2 -3.698251758942932e+06
2 983  1.519982891705727e+06
983 2  1.519982891705727e+06
2 984 -3.672287426068633e+06
984 2 -3.672287426068633e+06
2 985  9.489577244964661e+03
985 2  9.489577244964661e+03
2 986 -3.888319180921549e+06
986 2 -3.888319180921549e+06
3 3  7.416769045713245e+06
3 4  9.765244258258906e+05
4 3  9.765244258258906e+05
3 57 -3.051490351980683e+06
57 3 -3.051490351980683e+06
3 58 -2.312362612422566e+06
58 3 -2.312362612422566e+06
3 59  1.252035061119221e+06
59 3  1.252035061119221e+06
3 60  1.156810301683857e+06
60 3  1.156810301683857e+06
3 227 -1.601457672459334e+06
227 3 -1.601457672459334e+06
3 228 -2.954259105380031e+04
228 3 -2.954259105380031e+04
3 635 -7.428420740767673e+05
635 3 -7.428420740767673e+05
3 636 -3.103561221830930e+05
636 3 -3.103561221830930e+05
3 739 -3.678855528336178e+06
739 3 -3.678855528336178e+06
3 740 -1.875874910114138e+06
740 3 -1.875874910114138e+06
3 743 -2.979954290109486e+06
743 3 -2.979954290109486e+06
3 744  1.209706606471341e+06
744 3  1.209706606471341e+06
3 787  3.385795810129984e+06
787 3  3.385795810129984e+06
3 788  1.185094901792509e+06
788 3  1.185094901792509e+06
4 4  8.475105240966219e+06
4 57 -2.312362612422566e+06
57 4 -2.312362612422566e+06
4 58 -2.998014618712204e+06
58 4 -2.998014618712204e+06
4 59  1.823476968350524e+06
59 4  1.823476968350524e+06
4 60  4.113891958744999e+06
60 4  4.113891958744999e+06
4 227 -6.962092577204669e+05
227 4 -6.962092577204669e+05
4 228  1.652006250159007e+06
228 4  1.652006250159007e+06
4 635 -3.103561221830930e+05
635 4 -3.103561221830930e+05
4 636 -6.340670043658752e+05
636 4 -6.340670043658752e+05
4 739 -1.875874910114138e+06
739 4 -1.875874910114138e+06
4 740 -5.366541817957325e+06
740 4 -5.366541817957325e+06
4 743  1.209706606471341e+06
743 4  1.209706606471341e+06
4 744 -2.459379265452205e+06
744 4 -2.459379265452205e+06
4 787  1.185094901792509e+06
787 4  1.185094901792509e+06
4 788 -2.783000743382617e+06
788 4 -2.783000743382617e+06
5 5  7.284697185537864e+06
5 6 -2.915243822425776e+05
6 5 -2.915243822425776e+05
5 105  1.535952841409599e+05
105 5  1.535952841409599e+05
5 106 -1.264705215507070e+06
106 5 -1.264705215507070e+06
5 107 -1.855562108677238e+06
107 5 -1.855562108677238e+06
5 108  1.804333545798246e+06
108 5  1.804333545798246e+06
5 165 -1.960222881026498e+06
165 5 -1.960222881026498e+06
5 166 -3.399170220184231e+05
166 5 -3.399170220184231e+05
5 637 -6.428106425092944e+05
637 5 -6.428106425092944e+05
5 638  1.101340894200117e+05
638 5  1.101340894200117e+05
5 677 -3.250599743316773e+06
677 5 -3.250599743316773e+06
5 678 -1.426816753971956e+06
678 5 -1.426816753971956e+06
5 697 -3.375471115288037e+06
697 5 -3.375471115288037e+06
5 698  1.608207046794522e+06
698 5  1.608207046794522e+06
5 699  3.646374021139017e+06
699 5  3.646374021139017e+06
5 700 -1.997113082727538e+05
700 5 -1.997113082727538e+05
6 6  7.076909084759487e+06
6 105 -1.931371882173736e+06
105 6 -1.931371882173736e+06
6 106  1.312816445396028e+06
106 6  1.312816445396028e+06
6 107  1.804333545798247e+06
107 6  1.804333545798247e+06
6 108  2.931142928833286e+05
108 6  2.931142928833286e+05
6 165  3.267496446482438e+05
165 6  3.267496446482438e+05
6 166  1.383193671842607e+06
166 6  1.383193671842607e+06
6 637  1.101340894200117e+05
637 6  1.101340894200117e+05
6 638 -2.803142335596302e+05
638 6 -2.803142335596302e+05
6 677 -1.426816753971956e+06
677 6 -1.426816753971956e+06
6 678 -3.039490030968254e+06
678 6 -3.039490030968254e+06
6 697  1.608207046794522e+06
697 6  1.608207046794522e+06
6 698 -3.741289135807844e+06
698 6 -3.741289135807844e+06
6 699 -1.997113082727545e+05
699 6 -1.997113082727545e+05
6 700 -3.004940094545723e+06
700 6 -3.004940094545723e+06
7 7  6.954918130917168e+06
7 8 -1.057969646290832e+06
8 7 -1.057969646290832e+06
7 25  9.134384928726882e+05
25 7  9.134384928726882e+05
7 26 -8.107244028491215e+05
26 7 -8.107244028491215e+05
7 131 -1.882703850925322e+06
131 7 -1.882703850925322e+06
7 132  1.336944108846993e+06
132 7  1.336944108846993e+06
7 177  9.590329641387870e+05
177 7  9.590329641387870e+05
7 178 -5.262197059978719e+05
178 7 -5.262197059978719e+05
7 661 -2.876162731499108e+06
661 7 -2.876162731499108e+06
7 662 -1.019549296569539e+06
662 7 -1.019549296569539e+06
7 945 -4.068523005504213e+06
945 7 -4.068523005504213e+06
7 946  2.077518942860371e+06
946 7  2.077518942860371e+06
8 8  8.227455814960593e+06
8 25 -1.440577361824547e+05
25 8 -1.440577361824547e+05
8 26 -2.345386261346744e+06
26 8 -2.345386261346744e+06
8 131  1.336944108846993e+06
131 8  1.336944108846993e+06
8 132  4.265603348090920e+06
132 8  4.265603348090920e+06
8 177 -1.192886372664539e+06
177 8 -1.192886372664539e+06
8 178 -1.930449480658022e+06
178 8 -1.930449480658022e+06
8 661 -1.019549296569539e+06
661 8 -1.019549296569539e+06
8 662 -2.000670295626872e+06
662 8 -2.000670295626872e+06
8 945  2.077518942860371e+06
945 8  2.077518942860371e+06
8 946 -6.216553125419875e+06
946 8 -6.216553125419875e+06
9 9  8.600680461911505e+06
9 10 -1.668581440695573e+05
10 9 -1.668581440695573e+05
9 139 -1.028585293125315e+06
139 9 -1.028585293125315e+06
9 140  1.693256586714845e+06
140 9  1.693256586714845e+06
9 141 -5.548630384844963e+05
141 9 -5.548630384844963e+05
9 142 -1.939964016917492e+06
142 9 -1.939964016917492e+06
9 379  1.264583789750480e+05
379 9  1.264583789750480e+05
9 380 -1.283182310337442e+06
380 9 -1.283182310337442e+06
9 389 -1.445395797322119e+06
389 9 -1.445395797322119e+06
9 390 -8.451632620991184e+04
390 9 -8.451632620991184e+04
9 557  1.068182109719236e+06
557 9  1.068182109719236e+06
9 558  1.417849659543245e+06
558 9  1.417849659543245e+06
9 665 -3.682998712196991e+06
665 9 -3.682998712196991e+06
9 666  1.834377628773527e+06
666 9  1.834377628773527e+06
9 667  1.807155782980479e+06
667 9  1.807155782980479e+06
9 668  1.965564072067564e+05
668 9  1.965564072067564e+05
9 679 -2.887401411230010e+06
679 9 -2.887401411230010e+06
9 680 -1.464919554190759e+06
680 9 -1.464919554190759e+06
9 961 -6.335054042027808e+05
961 9 -6.335054042027808e+05
9 962 -6.770568939192742e+04
962 9 -6.770568939192742e+04
9 993 -6.500401508049394e+05
993 9 -6.500401508049394e+05
9 1249 -7.196869262196163e+05
1249 9 -7.196869262196163e+05
9 1250 -1.348942411212827e+05
1250 9 -1.348942411212827e+05
10 10  9.522805545204593e+06
10 139  1.693256586714844e+06
139 10  1.693256586714844e+06
10 140  3.237369517077388e+06
140 10  3.237369517077388e+06
10 141 -1.939964016917492e+06
141 10 -1.939964016917492e+06
10 142  2.574863693051625e+06
142 10  2.574863693051625e+06
10 379 -1.949848977004108e+06
379 10 -1.949848977004108e+06
10 380 -7.288694407434858e+05
380 10 -7.288694407434858e+05
10 389 -8.451632620991231e+04
389 10 -8.451632620991231e+04
10 390 -1.995844112487448e+06
390 10 -1.995844112487448e+06
10 557  2.084516326209912e+06
557 10  2.084516326209912e+06
10 558  1.849213476473457e+06
558 10  1.849213476473457e+06
10 665  1.834377628773527e+06
665 10  1.834377628773527e+06
10 666 -4.670330446522387e+06
666 10 -4.670330446522387e+06
10 667  1.965564072067562e+05
667 10  1.965564072067562e+05
10 668 -4.963780990628703e+06
668 10 -4.963780990628703e+06
10 679 -1.464919554190759e+06
679 10 -1.464919554190759e+06
10 680 -4.010452077033828e+06
680 10 -4.010452077033828e+06
10 961 -6.770568939192742e+04
961 10 -6.770568939192742e+04
10 962 -2.500853940491994e+05
962 10 -2.500853940491994e+05
10 994 -2.406361061050288e+05
994 10 -2.406361061050288e+05
10 1249 -1.348942411212827e+05
1249 10 -1.348942411212827e+05
10 1250 -3.242536642369822e+05
1250 10 -3.242536642369822e+05
11 11  6.522076726080097e+06
11 12  1.166776135743945e+06
12 11  1.166776135743945e+06
11 213 -2.939725284955513e+06
213 11 -2.939725284955513e+06
11 214 -1.643895899866336e+06
214 11 -1.643895899866336e+06
11 215  1.501661691603371e+06
215 11  1.501661691603371e+06
11 216  6.714293913249990e+05
216 11  6.714293913249990e+05
11 251  1.426558300595900e+06
251 11  1.426558300595900e+06
11 252  9.724665085413365e+05
252 11  9.724665085413365e+05
11 775 -2.756245471053849e+06
775 11 -2.756245471053849e+06
11 776  7.475893921045440e+05
776 11  7.475893921045440e+05
11 839 -3.754325962270007e+06
839 11 -3.754325962270007e+06
11 840 -1.914365527848489e+06
840 11 -1.914365527848489e+06
12 12  7.006071392945935e+06
12 213 -1.643895899866335e+06
213 12 -1.643895899866335e+06
12 214  2.804508722522475e+06
214 12  2.804508722522475e+06
12 215  1.338096057991666e+06
215 12  1.338096057991666e+06
12 216 -1.162434492746937e+06
216 12 -1.162434492746937e+06
12 251  3.057998418746698e+05
251 12  3.057998418746698e+05
12 252 -1.653579522531780e+06
252 12 -1.653579522531780e+06
12 775  7.475893921045440e+05
775 12  7.475893921045440e+05
12 776 -1.514255997922309e+06
776 12 -1.514255997922309e+06
12 839 -1.914365527848489e+06
839 12 -1.914365527848489e+06
12 840 -5.480310102267385e+06
840 12 -5.480310102267385e+06
13 13  6.348944414292749e+06
13 14 -8.091318827305061e+05
14 13 -8.091318827305061e+05
13 237 -2.631897424871737e+06
237 13 -2.631897424871737e+06
13 238  1.983176214130590e+06
238 13  1.983176214130590e+06
13 239  1.876230286706505e+06
239 13  1.876230286706505e+06
13 240 -1.381071807388891e+06
240 13 -1.381071807388891e+06
13 449  7.448437823110122e+05
449 13  7.448437823110122e+05
13 450 -6.021044067416993e+05
450 13 -6.021044067416993e+05
13 849 -3.535312487189652e+06
849 13 -3.535312487189652e+06
13 850  1.802734956944916e+06
850 13  1.802734956944916e+06
13 1037 -2.802808571248877e+06
1037 13 -2.802808571248877e+06
13 1038 -9.936030742144098e+05
1038 13 -9.936030742144098e+05
14 14  7.556703758974876e+06
14 237  1.983176214130589e+06
237 14  1.983176214130589e+06
14 238  2.834091288698631e+06
238 14  2.834091288698631e+06
14 239 -7.144051407222233e+05
239 14 -7.144051407222233e+05
14 240 -7.654385806026864e+05
240 14 -7.654385806026864e+05
14 449 -1.268771073408366e+06
449 14 -1.268771073408366e+06
14 450 -2.079476063950164e+06
450 14 -2.079476063950164e+06
14 849  1.802734956944916e+06
849 14  1.802734956944916e+06
14 850 -5.596284107787252e+06
850 14 -5.596284107787252e+06
14 1037 -9.936030742144098e+05
1037 14 -9.936030742144098e+05
14 1038 -1.949596295333405e+06
1038 14 -1.949596295333405e+06
15 15  1.504816735515969e+07
15 16  9.112231916170102e+03
16 15  9.112231916170102e+03
15 253 -1.387787092788084e+06
253 15 -1.387787092788084e+06
15 254 -1.848652186191150e+06
254 15 -1.848652186191150e+06
15 349 -1.392028012217275e+06
349 15 -1.392028012217275e+06
15 350  1.842542598844412e+06
350 15  1.842542598844412e+06
15 473 -1.396329999142461e+06
473 15 -1.396329999142461e+06
15 474 -1.846559013496030e+06
474 15 -1.846559013496030e+06
15 489 -1.398838098059528e+06
489 15 -1.398838098059528e+06
15 490  1.843530787230712e+06
490 15  1.843530787230712e+06
15 887 -3.129507010739331e+06
887 15 -3.129507010739331e+06
15 888 -1.526694717040054e+06
888 15 -1.526694717040054e+06
15 889  2.768834598548830e+06
889 15  2.768834598548830e+06
15 890  6.109587346737389e+03
890 15  6.109587346737389e+03
15 891 -3.115977339736673e+06
891 15 -3.115977339736673e+06
15 892  1.518138483260560e+06
892 15  1.518138483260560e+06
15 1083 -1.268155555529620e+06
1083 15 -1.268155555529620e+06
15 1161 -1.268709054328377e+06
1161 15 -1.268709054328377e+06
15 1421  2.780085661944292e+06
1421 15  2.780085661944292e+06
15 1422  3.028226265317877e+03
1422 15  3.028226265317877e+03
15 1423 -3.119485730418008e+06
1423 15 -3.119485730418008e+06
15 1424 -1.520429544533542e+06
1424 15 -1.520429544533542e+06
15 1429 -3.120269722693456e+06
1429 15 -3.120269722693456e+06
15 1430  1.519873546396866e+06
1430 15  1.519873546396866e+06
16 16  1.568865319180302e+07
16 253 -1.848652186191150e+06
253 16 -1.848652186191150e+06
16 254  1.934015936297637e+06
254 16  1.934015936297637e+06
16 349  1.842542598844412e+06
349 16  1.842542598844412e+06
16 350  1.931859980775221e+06
350 16  1.931859980775221e+06
16 473 -1.846559013496030e+06
473 16 -1.846559013496030e+06
16 474  1.926768083650498e+06
474 16  1.926768083650498e+06
16 489  1.843530787230712e+06
489 16  1.843530787230712e+06
16 490  1.925778348757093e+06
490 16  1.925778348757093e+06
16 887 -1.526694717040054e+06
887 16 -1.526694717040054e+06
16 888 -3.698644010518217e+06
888 16 -3.698644010518217e+06
16 889  6.109587346737389e+03
889 16  6.109587346737389e+03
16 890 -3.878135380726164e+06
890 16 -3.878135380726164e+06
16 891  1.518138483260560e+06
891 16  1.518138483260560e+06
16 892 -3.668540301339974e+06
892 16 -3.668540301339974e+06
16 1084 -4.736423289807783e+05
1084 16 -4.736423289807783e+05
16 1162 -4.738539516732252e+05
1162 16 -4.738539516732252e+05
16 1421  3.028226265317877e+03
1421 16  3.028226265317877e+03
16 1422 -3.866349910468509e+06
1422 16 -3.866349910468509e+06
16 1423 -1.520429544533543e+06
1423 16 -1.520429544533543e+06
16 1424 -3.676844026654395e+06
1424 16 -3.676844026654395e+06
16 1429  1.519873546396866e+06
1429 16  1.519873546396866e+06
16 1430 -3.671065630922209e+06
1430 16 -3.671065630922209e+06
17 17  7.350662303582238e+06
17 18  6.273589217183879e+03
18 17  6.273589217183879e+03
17 275 -1.190277776533377e+06
275 17 -1.190277776533377e+06
17 276 -1.900119416588130e+06
276 17 -1.900119416588130e+06
17 277 -3.719362421948775e+05
277 17 -3.719362421948775e+05
17 278  1.333333333333333e+06
278 17  1.333333333333333e+06
17 487 -1.849754047692432e+06
487 17 -1.849754047692432e+06
17 488  4.015350393613358e+05
488 17  4.015350393613358e+05
17 899 -6.500401508049367e+05
899 17 -6.500401508049367e+05
17 1115  3.396621249970922e+06
1115 17  3.396621249970922e+06
17 1116  1.652510438934612e+05
1116 17  1.652510438934612e+05
17 1121 -3.450073011367333e+06
1121 17 -3.450073011367333e+06
17 1122  1.563485392362633e+06
1122 17  1.563485392362633e+06
17 1141 -3.235202324960204e+06
1141 17 -3.235202324960204e+06
17 1142 -1.569758981579817e+06
1142 17 -1.569758981579817e+06
18 18  7.444532054882923e+06
18 275 -1.900119416588130e+06
275 18 -1.900119416588130e+06
18 276  1.880784197155727e+06
276 18  1.880784197155727e+06
18 277  2.000000000000000e+06
277 18  2.000000000000000e+06
18 278 -1.413531906059831e+05
278 18 -1.413531906059831e+05
18 487 -2.651316273053308e+05
487 18 -2.651316273053308e+05
18 488  1.484807297432471e+06
488 18  1.484807297432471e+06
18 900 -2.406361061050277e+05
900 18 -2.406361061050277e+05
18 1115  1.652510438934609e+05
1115 18  1.652510438934609e+05
18 1116 -3.239585120431978e+06
1116 18 -3.239585120431978e+06
18 1121  1.563485392362633e+06
1121 18  1.563485392362633e+06
18 1122 -3.424480767253050e+06
1122 18 -3.424480767253050e+06
18 1141 -1.569758981579817e+06
1141 18 -1.569758981579817e+06
18 1142 -3.764068365075080e+06
1142 18 -3.764068365075080e+06
19 19  7.288768460090254e+06
19 20  2.167641779793131e+05
20 19  2.167641779793131e+05
19 325 -3.725506660767499e+05
325 19 -3.725506660767499e+05
19 326 -1.333333333333333e+06
326 19 -1.333333333333333e+06
19 327 -9.098122298182757e+05
327 19 -9.098122298182757e+05
19 328  1.930004400126459e+06
328 19  1.930004400126459e+06
19 437 -1.456040562943936e+06
437 19 -1.456040562943936e+06
19 438 -4.776707770657686e+05
438 19 -4.776707770657686e+05
19 901 -6.496090040969991e+05
901 19 -6.496090040969991e+05
19 1031 -3.589040952851344e+06
1031 19 -3.589040952851344e+06
19 1032 -1.728108832711997e+06
1032 19 -1.728108832711997e+06
19 1053 -3.035175025254548e+06
1053 19 -3.035175025254548e+06
19 1054  1.511344654732684e+06
1054 19  1.511344654732684e+06
19 1057  2.723459980951598e+06
1057 19  2.723459980951598e+06
19 1058 -1.190002897273572e+05
1058 19 -1.190002897273572e+05
20 20  8.187439798158003e+06
20 325 -2.000000000000000e+06
325 20 -2.000000000000000e+06
20 326 -1.415891083280151e+05
326 20 -1.415891083280151e+05
20 327  1.930004400126459e+06
327 20  1.930004400126459e+06
20 328  2.168823175344109e+06
328 20  2.168823175344109e+06
20 437  1.889958896008981e+05
437 20  1.889958896008981e+05
20 438  1.870215312924208e+06
438 20  1.870215312924208e+06
20 902 -2.404623760090467e+05
902 20 -2.404623760090467e+05
20 1031 -1.728108832711997e+06
1031 20 -1.728108832711997e+06
20 1032 -4.088747909086965e+06
1032 20 -4.088747909086965e+06
20 1053  1.511344654732684e+06
1053 20  1.511344654732684e+06
20 1054 -3.843286035174628e+06
1054 20 -3.843286035174628e+06
20 1057 -1.190002897273573e+05
1057 20 -1.190002897273573e+05
20 1058 -3.912392857827664e+06
1058 20 -3.912392857827664e+06
21 21  6.589334670348911e+06
21 22  5.100238095907678e+05
22 21  5.100238095907678e+05
21 27  7.937913031004313e+05
27 21  7.937913031004313e+05
21 28  7.497747213781803e+05
28 21  7.497747213781803e+05
21 351 -1.680251661268920e+06
351 21 -1.680251661268920e+06
21 352 -1.305368882151708e+06
352 21 -1.305368882151708e+06
21 475  8.766904928333797e+05
475 21  8.766904928333797e+05
21 476  5.555941607735277e+05
476 21  5.555941607735277e+05
21 935 -3.285076748378005e+06
935 21 -3.285076748378005e+06
21 936 -1.677583640763928e+06
936 21 -1.677583640763928e+06
21 1127 -3.294488056635796e+06
1127 21 -3.294488056635796e+06
21 1128  1.167559831173160e+06
1128 21  1.167559831173160e+06
22 22  7.321265774728852e+06
22 27  8.310805471151357e+04
27 22  8.310805471151357e+04
22 28 -2.528051770181159e+06
28 22 -2.528051770181159e+06
22 351 -1.305368882151708e+06
351 22 -1.305368882151708e+06
22 352  4.505849855331093e+06
352 22  4.505849855331093e+06
22 475  1.222260827440195e+06
475 22  1.222260827440195e+06
22 476 -1.987567950485044e+06
476 22 -1.987567950485044e+06
22 935 -1.677583640763928e+06
935 22 -1.677583640763928e+06
22 936 -5.019597726597016e+06
936 22 -5.019597726597016e+06
22 1127  1.167559831173160e+06
1127 22  1.167559831173160e+06
22 1128 -2.291898182796727e+06
1128 22 -2.291898182796727e+06
23 23  8.576570187988676e+06
23 24 -7.558851215281931e+04
24 23 -7.558851215281931e+04
23 359 -1.200674122834867e+06
359 23 -1.200674122834867e+06
23 360 -1.581393349481313e+06
360 23 -1.581393349481313e+06
23 361  1.074736189690653e+05
361 23  1.074736189690653e+05
23 362  1.285219832391264e+06
362 23  1.285219832391264e+06
23 511 -7.425738608902546e+05
511 23 -7.425738608902546e+05
23 512  1.956130633453129e+06
512 23  1.956130633453129e+06
23 513 -1.422616705640489e+06
513 23 -1.422616705640489e+06
23 514  8.000352587876981e+04
514 23  8.000352587876981e+04
23 575  1.044036948576048e+06
575 23  1.044036948576048e+06
23 576 -1.413336859212103e+06
576 23 -1.413336859212103e+06
23 959 -6.357043784177327e+05
959 23 -6.357043784177327e+05
23 960  6.792865845194257e+04
960 23  6.792865845194257e+04
23 1113 -3.478353303430358e+06
1113 23 -3.478353303430358e+06
23 1114 -1.673603682741435e+06
1114 23 -1.673603682741435e+06
23 1143  2.187162925417630e+06
1143 23  2.187162925417630e+06
23 1144 -3.266237830297461e+05
1144 23 -3.266237830297461e+05
23 1145 -3.068761669523366e+06
1145 23 -3.068761669523366e+06
23 1146  1.546862616457652e+06
1146 23  1.546862616457652e+06
23 1243 -7.169398924022692e+05
1243 23 -7.169398924022692e+05
23 1244  1.344009199846598e+05
1244 23  1.344009199846598e+05
23 1435 -6.496197478120832e+05
1435 23 -6.496197478120832e+05
24 24  8.898088129145842e+06
24 359 -1.581393349481313e+06
359 24 -1.581393349481313e+06
24 360  3.020596236624743e+06
360 24  3.020596236624743e+06
24 361  1.951886499057931e+06
361 24  1.951886499057931e+06
24 362 -7.363156323724079e+05
362 24 -7.363156323724079e+05
24 511  1.956130633453129e+06
511 24  1.956130633453129e+06
24 512  2.347023149972375e+06
512 24  2.347023149972375e+06
24 513  8.000352587877028e+04
513 24  8.000352587877028e+04
24 514 -1.985525353929339e+06
514 24 -1.985525353929339e+06
24 575 -2.080003525878770e+06
575 24 -2.080003525878770e+06
24 576  1.838297281524721e+06
576 24  1.838297281524721e+06
24 959  6.792865845194258e+04
959 24  6.792865845194258e+04
24 960 -2.510216856148385e+05
960 24 -2.510216856148385e+05
24 1113 -1.673603682741435e+06
1113 24 -1.673603682741435e+06
24 1114 -3.954614224312943e+06
1114 24 -3.954614224312943e+06
24 1143 -3.266237830297458e+05
1143 24 -3.266237830297458e+05
24 1144 -4.511266878222959e+06
1144 24 -4.511266878222959e+06
24 1145  1.546862616457652e+06
1145 24  1.546862616457652e+06
24 1146 -4.101841598887585e+06
1146 24 -4.101841598887585e+06
24 1243  1.344009199846598e+05
1243 24  1.344009199846598e+05
24 1244 -3.229527676649188e+05
1244 24 -3.229527676649188e+05
24 1436 -2.404666562626887e+05
1436 24 -2.404666562626887e+05
25 25  1.000000000000000e+36
25 26 -3.372951930988459e+05
26 25 -3.372951930988459e+05
25 131 -2.823571260739365e+06
131 25 -2.823571260739365e+06
25 132 -1.227365725490631e+06
132 25 -1.227365725490631e+06
25 381  1.033734693050795e+06
381 25  1.033734693050795e+06
25 382 -3.718993910630581e+05
382 25 -3.718993910630581e+05
25 945 -1.957286155095326e+06
945 25 -1.957286155095326e+06
25 946  5.159571272455129e+05
946 25  5.159571272455129e+05
25 953 -3.192633840120898e+06
953 25 -3.192633840120898e+06
25 954  1.564660918589477e+06
954 25  1.564660918589477e+06
26 26  1.000000000000000e+36
26 131 -1.227365725490631e+06
131 26 -1.227365725490631e+06
26 132 -2.594909507887855e+06
132 26 -2.594909507887855e+06
26 381  2.947672756036086e+05
381 26  2.947672756036086e+05
26 382 -2.351705052208731e+06
382 26 -2.351705052208731e+06
26 945  5.159571272455128e+05
945 26  5.159571272455128e+05
26 946  4.686978344383635e+06
946 26  4.686978344383635e+06
26 953  1.564660918589477e+06
953 26  1.564660918589477e+06
26 954 -3.826688377967049e+06
954 26 -3.826688377967049e+06
27 27  1.000000000000000e+36
27 28 -9.627428856870160e+03
28 27 -9.627428856870160e+03
27 351 -3.435221374462928e+06
351 27 -3.435221374462928e+06
27 352  1.552443815507824e+06
352 27  1.552443815507824e+06
27 387  7.244994800245604e+05
387 27  7.244994800245604e+05
27 388  8.524168780081262e+05
388 27  8.524168780081262e+05
27 935 -1.527163145155113e+06
935 27 -1.527163145155113e+06
27 936 -9.355249327196399e+05
936 27 -9.355249327196399e+05
27 951 -3.033029884058258e+06
951 27 -3.033029884058258e+06
27 952 -1.542816386650954e+06
952 27 -1.542816386650954e+06
28 28  1.000000000000000e+36
28 351  1.552443815507824e+06
351 28  1.552443815507824e+06
28 352 -3.391134442934000e+06
352 28 -3.391134442934000e+06
28 387  1.857502113414595e+05
387 28  1.857502113414595e+05
28 388 -2.549271733163600e+06
388 28 -2.549271733163600e+06
28 935 -9.355249327196396e+05
935 28 -9.355249327196396e+05
28 936  5.068451141314637e+06
936 28  5.068451141314637e+06
28 951 -1.542816386650953e+06
951 28 -1.542816386650953e+06
28 952 -4.926252791943307e+06
952 28 -4.926252791943307e+06
29 29  8.625837875794545e+06
29 30 -9.947238300950266e+03
30 29 -9.947238300950266e+03
29 411 -2.270281320439094e+06
411 29 -2.270281320439094e+06
29 412  1.744357761553453e+06
412 29  1.744357761553453e+06
29 413 -2.259005018285564e+06
413 29 -2.259005018285564e+06
29 414 -1.734309432258085e+06
414 29 -1.734309432258085e+06
29 555  1.068644181327194e+06
555 29  1.068644181327194e+06
29 556 -1.417936383098334e+06
556 29 -1.417936383098334e+06
29 601  1.067589534944248e+06
601 29  1.067589534944248e+06
29 602  1.417739330255950e+06
602 29  1.417739330255950e+06
29 979 -3.591581858827705e+06
979 29 -3.591581858827705e+06
29 980  1.720151913953108e+06
980 29  1.720151913953108e+06
29 983 -3.574552894847751e+06
983 29 -3.574552894847751e+06
29 984 -1.710227224829018e+06
984 29 -1.710227224829018e+06
29 985  2.372696410447422e+06
985 29  2.372696410447422e+06
29 986 -9.851276452983730e+03
986 29 -9.851276452983730e+03
29 1247 -7.197362594829819e+05
1247 29 -7.197362594829819e+05
29 1248  1.349018715132605e+05
1248 29  1.349018715132605e+05
29 1375 -7.196106506303144e+05
1375 29 -7.196106506303144e+05
29 1376 -1.348793223363999e+05
1376 29 -1.348793223363999e+05
30 30  8.708029217259187e+06
30 411  1.744357761553453e+06
411 30  1.744357761553453e+06
30 412  3.115812392834458e+05
412 30  3.115812392834458e+05
30 413 -1.734309432258085e+06
413 30 -1.734309432258085e+06
30 414  3.234526385163274e+05
414 30  3.234526385163274e+05
30 555 -2.084603049765001e+06
555 30 -2.084603049765001e+06
30 556  1.849408354654714e+06
556 30  1.849408354654714e+06
30 601  2.084405996922617e+06
601 30  2.084405996922617e+06
30 602  1.848931362055346e+06
602 30  1.848931362055346e+06
30 979  1.720151913953108e+06
979 30  1.720151913953108e+06
30 980 -4.034517223961337e+06
980 30 -4.034517223961337e+06
30 983 -1.710227224829018e+06
983 30 -1.710227224829018e+06
30 984 -4.004663372336704e+06
984 30 -4.004663372336704e+06
30 985 -9.851276452983846e+03
985 30 -9.851276452983846e+03
30 986 -4.353729806515625e+06
986 30 -4.353729806515625e+06
30 1247  1.349018715132605e+05
1247 30  1.349018715132605e+05
30 1248 -3.242759578270197e+05
1248 30 -3.242759578270197e+05
30 1375 -1.348793223363999e+05
1375 30 -1.348793223363999e+05
30 1376 -3.242164511283352e+05
1376 30 -3.242164511283352e+05
31 31  8.640783016132539e+06
31 32 -3.392810557121411e+03
32 31 -3.392810557121411e+03
31 535 -2.253954874625297e+06
535 31 -2.253954874625297e+06
31 536 -1.734103356493993e+06
536 31 -1.734103356493993e+06
31 537  1.067538709987571e+06
537 31  1.067538709987571e+06
31 538  1.417729815336766e+06
538 31  1.417729815336766e+06
31 577 -2.248728606054140e+06
577 31 -2.248728606054140e+06
31 578  1.734903561772316e+06
578 31  1.734903561772316e+06
31 619  1.067935269110037e+06
619 31  1.067935269110037e+06
31 620 -1.417803945725826e+06
620 31 -1.417803945725826e+06
31 1245 -7.196079549486254e+05
1245 31 -7.196079549486254e+05
31 1246 -1.348788352824894e+05
1246 31 -1.348788352824894e+05
31 1369 -7.196487048040690e+05
1369 31 -7.196487048040690e+05
31 1370  1.348861567130984e+05
1370 31  1.348861567130984e+05
31 1421  2.346868440693227e+06
1421 31  2.346868440693227e+06
31 1422 -7.260748892620904e+02
1422 31 -7.260748892620904e+02
31 1423 -3.592844967980299e+06
1423 31 -3.592844967980299e+06
31 1424  1.720995197542663e+06
1424 31  1.720995197542663e+06
31 1429 -3.588340327510944e+06
1429 31 -3.588340327510944e+06
31 1430 -1.717609708416151e+06
1430 31 -1.717609708416151e+06
32 32  8.731045704237318e+06
32 535 -1.734103356493994e+06
535 32 -1.734103356493994e+06
32 536  3.291251799956108e+05
536 32  3.291251799956108e+05
32 537  2.084396482003433e+06
537 32  2.084396482003433e+06
32 538  1.848908429764416e+06
538 32  1.848908429764416e+06
32 577  1.734903561772316e+06
577 32  1.734903561772316e+06
32 578  3.353304076879423e+05
578 32  3.353304076879423e+05
32 619 -2.084470612392493e+06
619 32 -2.084470612392493e+06
32 620  1.849087678143221e+06
620 32  1.849087678143221e+06
32 1245 -1.348788352824894e+05
1245 32 -1.348788352824894e+05
32 1246 -3.242151832288128e+05
1246 32 -3.242151832288128e+05
32 1369  1.348861567130984e+05
1369 32  1.348861567130984e+05
32 1370 -3.242344705565339e+05
1370 32 -3.242344705565339e+05
32 1421 -7.260748892622069e+02
1421 32 -7.260748892622069e+02
32 1422 -4.382792756479792e+06
1422 32 -4.382792756479792e+06
32 1423  1.720995197542663e+06
1423 32  1.720995197542663e+06
32 1424 -4.037380635446455e+06
1424 32 -4.037380635446455e+06
32 1429 -1.717609708416151e+06
1429 32 -1.717609708416151e+06
32 1430 -4.024874354116914e+06
1430 32 -4.024874354116914e+06
33 33  1.962919497465629e+07
33 34 -3.000593081971099e+06
34 33 -3.000593081971099e+06
33 35  1.666304164026932e+06
35 33  1.666304164026932e+06
33 36 -3.555825900778038e+05
36 33 -3.555825900778038e+05
33 179 -8.358020183868347e+06
179 33 -8.358020183868347e+06
33 180 -3.926387950162118e+04
180 33 -3.926387950162118e+04
33 621 -2.605979108631132e+06
621 33 -2.605979108631132e+06
33 622 -1.043628374417465e+06
622 33 -1.043628374417465e+06
33 623  3.455177373393516e+06
623 33  3.455177373393516e+06
33 624 -7.715484420945906e+05
624 33 -7.715484420945906e+05
33 631 -5.038406196730037e+06
631 33 -5.038406196730037e+06
33 632  2.438021046625465e+06
632 33  2.438021046625465e+06
33 803 -2.747489650793241e+06
803 33 -2.747489650793241e+06
33 804  2.423360874616957e+06
804 33  2.423360874616957e+06
33 805 -3.591441637047923e+06
805 33 -3.591441637047923e+06
33 806  1.645464289264720e+06
806 33  1.645464289264720e+06
34 34  3.755243626647466e+07
34 35 -3.555825900778041e+05
35 34 -3.555825900778041e+05
34 36  1.161353541612323e+07
36 34  1.161353541612323e+07
34 179 -3.926387950162118e+04
179 34 -3.926387950162118e+04
34 180 -2.229688991256294e+07
180 34 -2.229688991256294e+07
34 621 -1.043628374417465e+06
621 34 -1.043628374417465e+06
34 622 -2.108914999229413e+06
622 34 -2.108914999229413e+06
34 623 -7.715484420945909e+05
623 34 -7.715484420945909e+05
34 624 -3.037804339571569e+06
624 34 -3.037804339571569e+06
34 631  2.438021046625465e+06
631 34  2.438021046625465e+06
34 632 -5.820712827800984e+06
632 34 -5.820712827800984e+06
34 803  2.423360874616957e+06
803 34  2.423360874616957e+06
34 804 -8.602620423928052e+06
804 34 -8.602620423928052e+06
34 805  1.645464289264720e+06
805 34  1.645464289264720e+06
34 806 -7.290570678502470e+06
806 34 -7.290570678502470e+06
35 35  1.739297798667095e+07
35 36 -1.641373736526966e+06
36 35 -1.641373736526966e+06
35 37  1.887135380684128e+05
37 35  1.887135380684128e+05
35 38 -2.640687903886138e+05
38 35 -2.640687903886138e+05
35 621  3.044715994221228e+06
621 35  3.044715994221228e+06
35 622 -6.492783651567422e+05
622 35 -6.492783651567422e+05
35 623 -5.055099851991841e+06
623 35 -5.055099851991841e+06
35 624  2.509356457141147e+06
624 35  2.509356457141147e+06
35 625 -2.922769784949179e+06
625 35 -2.922769784949179e+06
35 626 -1.266281662199495e+06
626 35 -1.266281662199495e+06
35 803 -5.920979679979163e+06
803 35 -5.920979679979163e+06
35 804 -1.342400732548482e+06
804 35 -1.342400732548482e+06
35 805 -4.924240626869017e+06
805 35 -4.924240626869017e+06
35 806  1.268929745623160e+06
806 35  1.268929745623160e+06
35 807 -3.469621739198322e+06
807 35 -3.469621739198322e+06
35 808  1.740699674133797e+06
808 35  1.740699674133797e+06
36 36  3.014845844734900e+07
36 37 -2.640687903886141e+05
37 36 -2.640687903886141e+05
36 38  8.382457700372942e+06
38 36  8.382457700372942e+06
36 621 -6.492783651567420e+05
621 36 -6.492783651567420e+05
36 622 -3.491917925102339e+06
622 36 -3.491917925102339e+06
36 623  2.509356457141147e+06
623 36  2.509356457141147e+06
36 624 -6.332804134944530e+06
624 36 -6.332804134944530e+06
36 625 -1.266281662199495e+06
625 36 -1.266281662199495e+06
36 626 -2.671432844827902e+06
626 36 -2.671432844827902e+06
36 803 -1.342400732548483e+06
803 36 -1.342400732548483e+06
36 804 -1.509085926945913e+07
804 36 -1.509085926945913e+07
36 805  1.268929745623160e+06
805 36  1.268929745623160e+06
36 806 -1.652858212194628e+07
806 36 -1.652858212194628e+07
36 807  1.740699674133797e+06
807 36  1.740699674133797e+06
36 808 -6.028855267564989e+06
808 36 -6.028855267564989e+06
37 37  1.386184267329143e+07
37 38 -1.810625159492883e+06
38 37 -1.810625159492883e+06
37 39 -1.058924072221244e+06
39 37 -1.058924072221244e+06
37 40 -1.098728215741538e+06
40 37 -1.098728215741538e+06
37 75 -1.717980790599009e+06
75 37 -1.717980790599009e+06
37 76 -8.743207294770931e+05
76 37 -8.743207294770931e+05
37 621 -4.372461749593623e+06
621 37 -4.372461749593623e+06
37 622  2.144053789477646e+06
622 37  2.144053789477646e+06
37 625  2.814943923000559e+06
625 37  2.814943923000559e+06
37 626  5.943146406566225e+05
626 37  5.943146406566225e+05
37 805 -3.854869709005952e+06
805 37 -3.854869709005952e+06
37 806 -1.443609677273257e+06
806 37 -1.443609677273257e+06
37 807 -1.968873363561891e+06
807 37 -1.968873363561891e+06
37 808  7.684823654735292e+05
808 37  7.684823654735292e+05
37 819 -3.892390449378680e+06
819 37 -3.892390449378680e+06
37 820  1.984501776765587e+06
820 37  1.984501776765587e+06
38 38  2.260528339319798e+07
38 39 -1.098728215741538e+06
39 38 -1.098728215741538e+06
38 40  5.691560171001394e+06
40 38  5.691560171001394e+06
38 75 -8.743207294770931e+05
75 38 -8.743207294770931e+05
38 76 -2.793851783049686e+06
76 38 -2.793851783049686e+06
38 621  2.144053789477646e+06
621 38  2.144053789477646e+06
38 622 -5.253057663981507e+06
622 38 -5.253057663981507e+06
38 625  5.943146406566231e+05
625 38  5.943146406566231e+05
38 626 -3.359050693965189e+06
626 38 -3.359050693965189e+06
38 805 -1.443609677273257e+06
805 38 -1.443609677273257e+06
38 806 -8.871191886910547e+06
806 38 -8.871191886910547e+06
38 807  7.684823654735285e+05
807 38  7.684823654735285e+05
38 808 -1.073910715212331e+07
808 38 -1.073910715212331e+07
38 819  1.984501776765587e+06
819 38  1.984501776765587e+06
38 820 -5.663042084542076e+06
820 38 -5.663042084542076e+06
39 39  1.724253446990940e+07
39 40 -1.079432762404368e+06
40 39 -1.079432762404368e+06
39 41 -5.015080597675769e+06
41 39 -5.015080597675769e+06
39 42  1.088013268453788e+06
42 39  1.088013268453788e+06
39 73 -3.868644367336804e+06
73 39 -3.868644367336804e+06
39 74 -1.607142537159876e+06
74 39 -1.607142537159876e+06
39 75  3.981480090183103e+06
75 39  3.981480090183103e+06
39 76  9.639650567976793e+05
76 39  9.639650567976793e+05
39 185 -3.315862080885678e+06
185 39 -3.315862080885678e+06
39 186  1.693282889607379e+06
186 39  1.693282889607379e+06
39 625 -7.278112473782809e+06
625 39 -7.278112473782809e+06
39 626  2.360566512833557e+06
626 39  2.360566512833557e+06
39 807 -2.760033415118973e+06
807 39 -2.760033415118973e+06
39 808 -1.367274102876691e+06
808 39 -1.367274102876691e+06
39 819  2.072642446928774e+06
819 39  2.072642446928774e+06
39 820 -9.532501095099301e+05
820 39 -9.532501095099301e+05
40 40  1.794107596873434e+07
40 41  1.088013268453788e+06
41 40  1.088013268453788e+06
40 42  9.285754516650052e+05
42 40  9.285754516650052e+05
40 73 -1.607142537159876e+06
73 40 -1.607142537159876e+06
40 74 -3.305379770417428e+06
74 40 -3.305379770417428e+06
40 75  9.639650567976790e+05
75 40  9.639650567976790e+05
40 76 -2.318397304098353e+06
76 40 -2.318397304098353e+06
40 185  1.693282889607379e+06
185 40  1.693282889607379e+06
40 186 -5.016180557668677e+06
186 40 -5.016180557668677e+06
40 625  2.360566512833556e+06
625 40  2.360566512833556e+06
40 626 -4.628093394989281e+06
626 40 -4.628093394989281e+06
40 807 -1.367274102876691e+06
807 40 -1.367274102876691e+06
40 808 -4.971540112873817e+06
808 40 -4.971540112873817e+06
40 819 -9.532501095099299e+05
819 40 -9.532501095099299e+05
40 820 -4.321620451353185e+06
820 40 -4.321620451353185e+06
41 41  1.840401223122672e+07
41 42 -6.844134675867577e+05
42 41 -6.844134675867577e+05
41 43 -3.887484739117961e+06
43 41 -3.887484739117961e+06
41 44 -1.490167781118023e+06
44 41 -1.490167781118023e+06
41 71 -3.438537888318859e+06
71 41 -3.438537888318859e+06
41 72 -1.428571712670063e+06
72 41 -1.428571712670063e+06
41 73  4.807486188743204e+06
73 41  4.807486188743204e+06
41 74  5.952337776480557e+04
74 41  5.952337776480557e+04
41 75 -4.527853724883926e+06
75 41 -4.527853724883926e+06
41 76  1.719577067703922e+06
76 41  1.719577067703922e+06
41 185  3.375404357469079e+06
185 41  3.375404357469079e+06
41 186 -2.635626375395366e+06
186 41 -2.635626375395366e+06
41 187 -2.460115519922743e+06
187 41 -2.460115519922743e+06
41 188  9.861039758171024e+05
188 41  9.861039758171024e+05
41 749  6.982484310499390e+05
749 41  6.982484310499390e+05
41 750  2.978257510294795e+06
750 41  2.978257510294795e+06
41 751 -3.022701337879620e+06
751 41 -3.022701337879620e+06
41 752  1.873166754470087e+05
752 41  1.873166754470087e+05
41 819 -4.933377400690058e+06
819 41 -4.933377400690058e+06
41 820 -7.800125387112118e+05
820 41 -7.800125387112118e+05
42 42  1.515212879613324e+07
42 43 -1.490167781118023e+06
43 42 -1.490167781118023e+06
42 44  9.721174666142967e+05
44 42  9.721174666142967e+05
42 71 -1.428571712670063e+06
71 42 -1.428571712670063e+06
42 72 -2.937856482064017e+06
72 42 -2.937856482064017e+06
42 73  5.952337776480557e+04
73 42  5.952337776480557e+04
42 74 -1.981629320325290e+06
74 42 -1.981629320325290e+06
42 75  1.719577067703922e+06
75 42  1.719577067703922e+06
42 76 -3.417650249134080e+06
76 42 -3.417650249134080e+06
42 185 -2.635626375395367e+06
185 42 -2.635626375395367e+06
42 186 -8.632592680446449e+05
186 42 -8.632592680446449e+05
42 187  9.861039758171025e+05
187 42  9.861039758171025e+05
42 188 -5.490973227581246e+06
188 42 -5.490973227581246e+06
42 749  2.978257510294796e+06
749 42  2.978257510294796e+06
42 750  9.227693105591252e+05
750 42  9.227693105591252e+05
42 751  1.873166754470087e+05
751 42  1.873166754470087e+05
42 752 -1.157239736416680e+06
752 42 -1.157239736416680e+06
42 819 -7.800125387112118e+05
819 42 -7.800125387112118e+05
42 820 -2.126982741405707e+06
820 42 -2.126982741405707e+06
43 43  1.470631562132574e+07
43 44  7.899717407446095e+05
44 43  7.899717407446095e+05
43 45 -3.007030597024111e+06
45 43 -3.007030597024111e+06
43 46 -1.063584060810922e+06
46 43 -1.063584060810922e+06
43 69 -3.008356765354322e+06
69 43 -3.008356765354322e+06
43 70 -1.249999855697304e+06
70 43 -1.249999855697304e+06
43 71  3.947217770452046e+06
71 43  3.947217770452046e+06
43 72 -2.976193339969176e+05
72 43 -2.976193339969176e+05
43 73 -4.492614233956041e+06
73 43 -4.492614233956041e+06
43 74  1.941963866776925e+06
74 43  1.941963866776925e+06
43 749 -4.466956553561799e+06
749 43 -4.466956553561799e+06
43 750 -2.008537323546263e+06
750 43 -2.008537323546263e+06
43 751  2.924345530843155e+06
751 43  2.924345530843155e+06
43 752  2.851371175925863e+06
752 43  2.851371175925863e+06
43 753 -2.715436033606711e+06
753 43 -2.715436033606711e+06
43 754  5.266015717220316e+05
754 43  5.266015717220316e+05
44 44  1.715798938402010e+07
44 45 -1.063584060810922e+06
