1 1  8.688090568796134e+06
1 2  5.854143021112834e+05
2 1  5.854143021112834e+05
1 3  2.444804462022122e+05
3 1  2.444804462022122e+05
1 4 -1.306802967875504e+06
4 1 -1.306802967875504e+06
1 105 -5.014535640330017e+05
105 1 -5.014535640330017e+05
1 106 -1.468821022955917e+06
106 1 -1.468821022955917e+06
1 415 -5.532755965129218e+06
415 1 -5.532755965129218e+06
1 416  7.519079409615260e+05
416 1  7.519079409615260e+05
1 663  2.472750944396626e+05
663 1  2.472750944396626e+05
1 664  2.775623990831422e+06
664 1  2.775623990831422e+06
1 1289 -3.145636580275788e+06
1289 1 -3.145636580275788e+06
1 1290 -1.337322243072809e+06
1290 1 -1.337322243072809e+06
2 2  9.096203304444022e+06
2 3 -1.973469634542171e+06
3 2 -1.973469634542171e+06
2 4  1.096255974308013e+06
4 2  1.096255974308013e+06
2 105 -8.021543562892502e+05
105 2 -8.021543562892502e+05
2 106  2.037145073315152e+06
106 2  2.037145073315152e+06
2 415  7.519079409615260e+05
415 2  7.519079409615260e+05
2 416 -2.302025341192063e+06
416 2 -2.302025341192063e+06
2 663  2.775623990831421e+06
663 2  2.775623990831421e+06
2 664 -3.143099071014291e+06
664 2 -3.143099071014291e+06
2 1289 -1.337322243072809e+06
1289 2 -1.337322243072809e+06
2 1290 -6.784479939860835e+06
1290 2 -6.784479939860835e+06
3 3  8.023482321095732e+06
3 4 -2.313180684457072e+05
4 3 -2.313180684457072e+05
3 107  1.041095089368341e+06
107 3  1.041095089368341e+06
3 108 -1.382565917674806e+06
108 3 -1.382565917674806e+06
3 415 -1.296680599647809e+06
415 3 -1.296680599647809e+06
3 416  3.356035552216977e+06
416 3  3.356035552216977e+06
3 663 -1.935593214248337e+06
663 3 -1.935593214248337e+06
3 664 -1.166774367651742e+05
664 3 -1.166774367651742e+05
3 667 -6.076784042770139e+06
667 3 -6.076784042770139e+06
3 668  3.479955052108814e+05
668 3  3.479955052108814e+05
4 4  7.482459770079539e+06
4 107 -2.049232584341473e+06
107 4 -2.049232584341473e+06
4 108  8.160225055546272e+05
108 4  8.160225055546272e+05
4 415  3.356035552216977e+06
415 4  3.356035552216977e+06
4 416 -1.923383543939896e+06
416 4 -1.923383543939896e+06
4 663 -1.166774367651742e+05
663 4 -1.166774367651742e+05
4 664 -5.150218873188206e+06
664 4 -5.150218873188206e+06
4 667  3.479955052108814e+05
667 4  3.479955052108814e+05
4 668 -2.321135832814077e+06
668 4 -2.321135832814077e+06
5 5  9.285821788166633e+06
5 6  5.970328231643594e+05
6 5  5.970328231643594e+05
5 107  1.069317317349250e+06
107 5  1.069317317349250e+06
5 108 -1.952207430987667e+06
108 5 -1.952207430987667e+06
5 109 -2.268107826840543e+05
109 5 -2.268107826840543e+05
5 110 -1.288702660308190e+06
110 5 -1.288702660308190e+06
5 429 -8.536819366008093e+05
429 5 -8.536819366008093e+05
5 430  3.240910091295858e+06
430 5  3.240910091295858e+06
5 489 -7.543031856119907e+06
489 5 -7.543031856119907e+06
5 490 -1.175514813446776e+06
490 5 -1.175514813446776e+06
5 667 -1.731614530111113e+06
667 5 -1.731614530111113e+06
5 668  5.784819902824163e+05
668 5  5.784819902824163e+05
6 6  7.389550778762436e+06
6 107 -1.285540764321000e+06
107 6 -1.285540764321000e+06
6 108  1.109485446855413e+05
108 6  1.109485446855413e+05
6 109 -1.955369326974857e+06
109 6 -1.955369326974857e+06
6 110 -1.241371297190584e+06
110 6 -1.241371297190584e+06
6 429  3.240910091295857e+06
429 6  3.240910091295857e+06
6 430  1.119247350569428e+06
430 6  1.119247350569428e+06
6 489 -1.175514813446776e+06
489 6 -1.175514813446776e+06
6 490 -3.239714691850880e+06
490 6 -3.239714691850880e+06
6 667  5.784819902824163e+05
667 6  5.784819902824163e+05
6 668 -4.138660684975942e+06
668 6 -4.138660684975942e+06
7 7  8.415699888553631e+06
7 8 -6.790356814129741e+05
8 7 -6.790356814129741e+05
7 109  1.154523518213848e+06
109 7  1.154523518213848e+06
7 110  6.046685610810283e+05
110 7  6.046685610810283e+05
7 111  1.998339744282523e+06
111 7  1.998339744282523e+06
7 112  1.424866052770555e+06
112 7  1.424866052770555e+06
7 409 -2.402807000248563e+06
409 7 -2.402807000248563e+06
7 410 -1.226374159975646e+06
410 7 -1.226374159975646e+06
7 411 -3.164018908832202e+06
411 7 -3.164018908832202e+06
7 412 -2.029534613851584e+06
412 7 -2.029534613851584e+06
7 431 -6.001737241969236e+06
431 7 -6.001737241969236e+06
7 432  1.905409841388620e+06
432 7  1.905409841388620e+06
8 8  7.525866303996796e+06
8 109  1.271335227747695e+06
109 8  1.271335227747695e+06
8 110 -1.608317824784942e+06
110 8 -1.608317824784942e+06
8 111  7.581993861038889e+05
111 8  7.581993861038889e+05
8 112 -6.001832237549362e+05
112 8 -6.001832237549362e+05
8 409 -1.226374159975646e+06
409 8 -1.226374159975646e+06
8 410 -3.773580033511330e+06
410 8 -3.773580033511330e+06
8 411 -2.029534613851584e+06
411 8 -2.029534613851584e+06
8 412  2.197345402204048e+06
412 8  2.197345402204048e+06
8 431  1.905409841388620e+06
431 8  1.905409841388620e+06
8 432 -3.741130624149635e+06
432 8 -3.741130624149635e+06
9 9  8.032006459168386e+06
9 10  3.114109851727273e+05
10 9  3.114109851727273e+05
9 11  1.395916697940634e+06
11 9  1.395916697940634e+06
9 12  2.047639592850197e+06
12 9  2.047639592850197e+06
9 111  1.896345730673110e+06
111 9  1.896345730673110e+06
9 112  1.141949396567055e+06
112 9  1.141949396567055e+06
9 409 -5.664396024298075e+06
409 9 -5.664396024298075e+06
9 410  4.970654892582606e+05
410 9  4.970654892582606e+05
9 567 -3.303377852585575e+06
567 9 -3.303377852585575e+06
9 568 -3.189588989417252e+06
568 9 -3.189588989417252e+06
9 569 -2.356495010898481e+06
569 9 -2.356495010898481e+06
9 570 -8.084764744309880e+05
570 9 -8.084764744309880e+05
10 10  7.818343876029776e+06
10 11  1.380972926183531e+06
11 10  1.380972926183531e+06
10 12  7.989335939105686e+05
12 10  7.989335939105686e+05
10 111  1.808616063233722e+06
111 10  1.808616063233722e+06
10 112  9.853114432648907e+04
112 10  9.853114432648907e+04
10 409  4.970654892582606e+05
409 10  4.970654892582606e+05
10 410 -2.219170247156294e+06
410 10 -2.219170247156294e+06
10 567 -3.189588989417252e+06
567 10 -3.189588989417252e+06
10 568 -9.085801622088877e+05
568 10 -9.085801622088877e+05
10 569 -8.084764744309880e+05
569 10 -8.084764744309880e+05
10 570 -5.588058204901651e+06
570 10 -5.588058204901651e+06
11 11  7.591973314628148e+06
11 12  2.457180052197750e+05
12 11  2.457180052197750e+05
11 113  5.430856085357727e+05
113 11  5.430856085357727e+05
11 114  2.009973818637128e+06
114 11  2.009973818637128e+06
11 567 -5.348377149676263e+06
567 11 -5.348377149676263e+06
11 568 -1.992243172620277e+05
568 11 -1.992243172620277e+05
11 569 -1.950235837572802e+06
569 11 -1.950235837572802e+06
11 570 -3.390946744820658e+06
570 11 -3.390946744820658e+06
11 575 -2.232362633855490e+06
575 11 -2.232362633855490e+06
11 576 -4.649368795774737e+04
576 11 -4.649368795774737e+04
12 12  7.986677612044128e+06
12 113  1.343307151970461e+06
113 12  1.343307151970461e+06
12 114  1.300060880017116e+06
114 12  1.300060880017116e+06
12 567 -1.992243172620276e+05
567 12 -1.992243172620276e+05
12 568 -2.020352401600368e+06
568 12 -2.020352401600368e+06
12 569 -3.390946744820658e+06
569 12 -3.390946744820658e+06
12 570 -2.110228005024079e+06
570 12 -2.110228005024079e+06
12 575 -4.649368795774737e+04
575 12 -4.649368795774737e+04
12 576 -5.955091679347364e+06
576 12 -5.955091679347364e+06
13 13  7.442341038359929e+06
13 14 -6.184073312836234e+05
14 13 -6.184073312836234e+05
13 113 -3.280552134677996e+05
113 13 -3.280552134677996e+05
13 114  1.016325533230914e+06
114 13  1.016325533230914e+06
13 115 -1.226842515311771e+06
115 13 -1.226842515311771e+06
13 116  1.387984833667202e+06
116 13  1.387984833667202e+06
13 497 -3.394961341949090e+06
497 13 -3.394961341949090e+06
13 498  1.668364317408430e+06
498 13  1.668364317408430e+06
13 575 -4.036224833606416e+06
575 13 -4.036224833606416e+06
13 576 -1.049956986124807e+06
576 13 -1.049956986124807e+06
13 1297  1.543742865975147e+06
1297 13  1.543742865975147e+06
13 1298 -2.404310366898116e+06
1298 13 -2.404310366898116e+06
14 14  8.392483873332229e+06
14 113  1.682992199897580e+06
113 14  1.682992199897580e+06
14 114  1.729620040962488e+06
114 14  1.729620040962488e+06
14 115  7.213181670005360e+05
115 14  7.213181670005360e+05
14 116  1.354946160393327e+06
116 14  1.354946160393327e+06
14 497  1.668364317408430e+06
497 14  1.668364317408430e+06
14 498 -6.223841788583235e+06
498 14 -6.223841788583235e+06
14 575 -1.049956986124807e+06
575 14 -1.049956986124807e+06
14 576 -2.157487221944571e+06
576 14 -2.157487221944571e+06
14 1297 -2.404310366898116e+06
1297 14 -2.404310366898116e+06
14 1298 -3.095721064160238e+06
1298 14 -3.095721064160238e+06
15 15  8.043053564648421e+06
15 16  7.280964365237341e+05
16 15  7.280964365237341e+05
15 115 -1.172208543353546e+06
115 15 -1.172208543353546e+06
15 116 -1.524735024056135e+06
116 15 -1.524735024056135e+06
15 117 -3.061433940111692e+05
117 15 -3.061433940111692e+05
15 118 -9.333156732236464e+05
118 15 -9.333156732236464e+05
15 583 -4.049834406665463e+06
583 15 -4.049834406665463e+06
15 584 -1.909484700430067e+06
584 15 -1.909484700430067e+06
15 585 -3.982642617800468e+06
585 15 -3.982642617800468e+06
15 586  1.181388263906333e+06
586 15  1.181388263906333e+06
15 1295  1.467775397182226e+06
1295 15  1.467775397182226e+06
15 1296  2.458050697279782e+06
1296 15  2.458050697279782e+06
16 16  1.029598159104272e+07
16 115 -8.580683573894687e+05
115 16 -8.580683573894687e+05
16 116  1.158751830694866e+06
116 16  1.158751830694866e+06
16 117 -1.599982339890313e+06
117 16 -1.599982339890313e+06
16 118  1.992753133002719e+06
118 16  1.992753133002719e+06
16 583 -1.909484700430067e+06
583 16 -1.909484700430067e+06
16 584 -7.944063014498165e+06
584 16 -7.944063014498165e+06
16 585  1.181388263906333e+06
585 16  1.181388263906333e+06
16 586 -2.341342036362068e+06
586 16 -2.341342036362068e+06
16 1295  2.458050697279782e+06
1295 16  2.458050697279782e+06
16 1296 -3.162081503880075e+06
1296 16 -3.162081503880075e+06
17 17  8.492991114396822e+06
17 18  1.023762327063859e+05
18 17  1.023762327063859e+05
17 19  9.315998452636071e+04
19 17  9.315998452636071e+04
17 20 -1.328666959227585e+06
20 17 -1.328666959227585e+06
17 117 -8.091902629145817e+04
117 17 -8.091902629145817e+04
17 118 -1.862197101998866e+06
118 17 -1.862197101998866e+06
17 357 -2.258475698093150e+04
357 17 -2.258475698093150e+04
17 358  3.190864061226450e+06
358 17  3.190864061226450e+06
17 585 -2.129046162638703e+06
585 17 -2.129046162638703e+06
17 586 -4.575159914264265e+05
586 17 -4.575159914264265e+05
17 589 -6.353601153012089e+06
589 17 -6.353601153012089e+06
17 590  3.551397587200405e+05
590 17  3.551397587200405e+05
18 18  7.890284157088060e+06
18 19 -1.995333625894252e+06
19 18 -1.995333625894252e+06
18 20  4.436730870130731e+05
20 18  4.436730870130731e+05
18 117 -1.195530435332199e+06
117 18 -1.195530435332199e+06
18 118  1.371043734367186e+06
118 18  1.371043734367186e+06
18 357  3.190864061226451e+06
357 18  3.190864061226451e+06
18 358 -1.825060620126288e+06
358 18 -1.825060620126288e+06
18 585 -4.575159914264265e+05
585 18 -4.575159914264265e+05
18 586 -5.455140643889290e+06
586 18 -5.455140643889290e+06
18 589  3.551397587200406e+05
589 18  3.551397587200406e+05
18 590 -2.424799714452741e+06
590 18 -2.424799714452741e+06
19 19  9.069038877616636e+06
19 20  4.113978629729895e+05
20 19  4.113978629729895e+05
19 119 -5.845094027317710e+05
119 19 -5.845094027317710e+05
19 120 -1.354356565341426e+06
120 19 -1.354356565341426e+06
19 357 -1.677065607124690e+06
357 19 -1.677065607124690e+06
19 358 -4.373716240947319e+04
358 19 -4.373716240947319e+04
19 499 -7.381055446608962e+06
499 19 -7.381055446608962e+06
19 500 -3.676607005635163e+05
500 19 -3.676607005635163e+05
19 589  4.804315943224253e+05
589 19  4.804315943224253e+05
19 590  3.349690191235678e+06
590 19  3.349690191235678e+06
20 20  7.291453393757461e+06
20 119 -2.021023232008093e+06
119 20 -2.021023232008093e+06
20 120 -5.891398421089199e+05
120 20 -5.891398421089199e+05
20 357 -4.373716240947320e+04
357 20 -4.373716240947320e+04
20 358 -4.473911374959048e+06
358 20 -4.473911374959048e+06
20 499 -3.676607005635163e+05
499 20 -3.676607005635163e+05
20 500 -2.806624194915427e+06
500 20 -2.806624194915427e+06
20 589  3.349690191235677e+06
589 20  3.349690191235677e+06
20 590  1.345489312128617e+05
590 20  1.345489312128617e+05
21 21  8.780898958654510e+06
21 22 -1.787852206397695e+05
22 21 -1.787852206397695e+05
21 119  1.379002342963032e+06
119 21  1.379002342963032e+06
21 120 -8.684638324077884e+05
120 21 -8.684638324077884e+05
21 121  9.685442190775480e+05
121 21  9.685442190775480e+05
21 122 -3.595322114554896e+05
122 21 -3.595322114554896e+05
21 469 -4.013116094031994e+06
469 21 -4.013116094031994e+06
21 470  2.038980303341914e+06
470 21  2.038980303341914e+06
21 501 -4.758571107791155e+06
501 21 -4.758571107791155e+06
21 502 -1.860195082702144e+06
502 21 -1.860195082702144e+06
21 1293 -2.356758318871941e+06
1293 21 -2.356758318871941e+06
21 1294  1.227996043863278e+06
1294 21  1.227996043863278e+06
22 22  9.384558742923353e+06
22 119 -2.017971657411215e+05
119 22 -2.017971657411215e+05
22 120 -1.783091940140144e+06
120 22 -1.783091940140144e+06
22 121 -1.026198878122156e+06
121 22 -1.026198878122156e+06
22 122 -2.106576501465599e+06
122 22 -2.106576501465599e+06
22 469  2.038980303341914e+06
469 22  2.038980303341914e+06
22 470 -5.646450831053716e+06
470 22 -5.646450831053716e+06
22 501 -1.860195082702144e+06
501 22 -1.860195082702144e+06
22 502 -3.728896155038275e+06
502 22 -3.728896155038275e+06
22 1293  1.227996043863278e+06
1293 22  1.227996043863278e+06
22 1294  3.880456684774381e+06
1294 22  3.880456684774381e+06
23 23  1.033709892077495e+07
23 24 -1.223379109863174e+06
24 23 -1.223379109863174e+06
23 121  7.413171210704918e+05
121 23  7.413171210704918e+05
23 122  1.002334530724564e+06
122 23  1.002334530724564e+06
23 123  9.742089233348323e+05
123 23  9.742089233348323e+05
23 124  1.950424811697881e+06
124 23  1.950424811697881e+06
23 363 -8.341507490049787e+06
363 23 -8.341507490049787e+06
23 364  1.852140024476831e+06
364 23  1.852140024476831e+06
23 503 -1.725158509349676e+06
503 23 -1.725158509349676e+06
23 504 -2.952759342422445e+06
504 23 -2.952759342422445e+06
23 645 -1.985958965780813e+06
645 23 -1.985958965780813e+06
23 646 -6.287609146136568e+05
646 23 -6.287609146136568e+05
24 24  8.897738926786395e+06
24 121  1.669001197391231e+06
121 24  1.669001197391231e+06
24 122 -1.266418399611592e+06
122 24 -1.266418399611592e+06
24 123  1.283758145031214e+06
123 24  1.283758145031214e+06
24 124  4.292874433677580e+04
124 24  4.292874433677580e+04
24 363  1.852140024476831e+06
363 24  1.852140024476831e+06
24 364 -4.078125678232471e+06
364 24 -4.078125678232471e+06
24 503 -2.952759342422445e+06
503 24 -2.952759342422445e+06
24 504  1.213857190330464e+06
504 24  1.213857190330464e+06
24 645 -6.287609146136568e+05
645 24 -6.287609146136568e+05
24 646 -4.809980783609572e+06
646 24 -4.809980783609572e+06
25 25  7.753804340829348e+06
25 26  5.122058780080152e+05
26 25  5.122058780080152e+05
25 27  6.375562398455614e+05
27 25  6.375562398455614e+05
25 28  1.989523359456591e+06
28 25  1.989523359456591e+06
25 123  1.168158011712293e+06
123 25  1.168158011712293e+06
25 124  1.413043354312914e+06
124 25  1.413043354312914e+06
25 645 -5.942558998419384e+06
645 25 -5.942558998419384e+06
25 646 -5.395830015999705e+05
646 25 -5.395830015999705e+05
25 647 -1.817773738743643e+06
647 25 -1.817773738743643e+06
25 648 -3.402566713769506e+06
648 25 -3.402566713769506e+06
25 653 -1.799185855224177e+06
653 25 -1.799185855224177e+06
25 654  2.737712359195534e+04
654 25  2.737712359195534e+04
26 26  7.148682692830063e+06
26 27  1.322856692789925e+06
27 26  1.322856692789925e+06
26 28  1.816755398109062e+06
28 26  1.816755398109062e+06
26 123  2.079710020979581e+06
123 26  2.079710020979581e+06
26 124  1.123236857494958e+06
124 26  1.123236857494958e+06
26 645 -5.395830015999705e+05
645 26 -5.395830015999705e+05
26 646 -2.335432961242652e+06
646 26 -2.335432961242652e+06
26 647 -3.402566713769506e+06
647 26 -3.402566713769506e+06
26 648 -2.952051742789810e+06
648 26 -2.952051742789810e+06
26 653  2.737712359195534e+04
653 26  2.737712359195534e+04
26 654 -4.801190244401623e+06
654 26 -4.801190244401623e+06
27 27  8.705019649278617e+06
27 28  7.787958133044397e+04
28 27  7.787958133044397e+04
27 125 -4.752455615354499e+05
125 27 -4.752455615354499e+05
27 126  1.220068905396977e+06
126 27  1.220068905396977e+06
27 647 -6.145441324367593e+06
647 27 -6.145441324367593e+06
27 648 -1.271586294692037e+06
648 27 -1.271586294692037e+06
27 653 -1.728525012238367e+05
653 27 -1.728525012238367e+05
27 654 -2.542925598186901e+06
654 27 -2.542925598186901e+06
27 1291 -2.549036501997298e+06
1291 27 -2.549036501997298e+06
27 1292  1.193706713361593e+06
1292 27  1.193706713361593e+06
28 28  7.963946913128762e+06
28 125  5.534022387303095e+05
125 28  5.534022387303095e+05
28 126  2.493318512671642e+06
126 28  2.493318512671642e+06
28 647 -1.271586294692037e+06
647 28 -1.271586294692037e+06
28 648 -2.907404600868589e+06
648 28 -2.907404600868589e+06
28 653 -2.542925598186900e+06
653 28 -2.542925598186900e+06
28 654 -4.320615733694430e+06
654 28 -4.320615733694430e+06
28 1291  1.193706713361593e+06
1291 28  1.193706713361593e+06
28 1292 -5.046000489346447e+06
1292 28 -5.046000489346447e+06
29 29  8.115737060274520e+06
29 30  4.641961041717182e+05
30 29  4.641961041717182e+05
29 105 -9.983412987454848e+05
105 29 -9.983412987454848e+05
29 106 -8.477880308094235e+05
106 29 -8.477880308094235e+05
29 125 -8.592235376621662e+05
125 29 -8.592235376621662e+05
29 126  2.716958161519220e+05
126 29  2.716958161519220e+05
29 419  1.125915167016619e+06
419 29  1.125915167016619e+06
29 420 -1.945262796578870e+06
420 29 -1.945262796578870e+06
29 661  7.175851725856446e+05
661 29  7.175851725856446e+05
29 662  2.521355011236371e+06
662 29  2.521355011236371e+06
29 1093 -1.437686161559754e+06
1093 29 -1.437686161559754e+06
29 1094  4.872721244431256e+05
1094 29  4.872721244431256e+05
29 1289 -2.706294923525278e+06
1289 29 -2.706294923525278e+06
29 1290  6.987663243855003e+05
1290 29  6.987663243855003e+05
29 1291 -3.957691478384100e+06
1291 29 -3.957691478384100e+06
29 1292 -1.650234553000344e+06
1292 29 -1.650234553000344e+06
30 30  8.277391731984909e+06
30 105 -1.514454697476090e+06
105 30 -1.514454697476090e+06
30 106  1.359294699948394e+06
106 30  1.359294699948394e+06
30 125  9.383624828185888e+05
125 30  9.383624828185888e+05
30 126  2.317071621906692e+06
126 30  2.317071621906692e+06
30 419 -1.945262796578870e+06
419 30 -1.945262796578870e+06
30 420 -4.154596459183331e+06
420 30 -4.154596459183331e+06
30 661  2.521355011236371e+06
661 30  2.521355011236371e+06
30 662  4.641656405228572e+05
662 30  4.641656405228572e+05
30 1093  4.872721244431256e+05
1093 30  4.872721244431256e+05
30 1094 -3.423628501349991e+06
1094 30 -3.423628501349991e+06
30 1289  6.987663243855002e+05
1289 30  6.987663243855002e+05
30 1290 -1.438803407468528e+06
1290 30 -1.438803407468528e+06
30 1291 -1.650234553000344e+06
1291 30 -1.650234553000344e+06
30 1292 -3.400895326361002e+06
1292 30 -3.400895326361002e+06
31 31  7.913643291108107e+06
31 32 -8.055648450163777e+05
32 31 -8.055648450163777e+05
31 33  5.526543812851585e+05
33 31  5.526543812851585e+05
31 34 -1.234923869253059e+06
34 31 -1.234923869253059e+06
31 127  5.218011104433768e+05
127 31  5.218011104433768e+05
31 128 -1.718660592259861e+06
128 31 -1.718660592259861e+06
31 447 -5.229432766769446e+06
447 31 -5.229432766769446e+06
31 448  1.398159880355938e+06
448 31  1.398159880355938e+06
31 451 -1.085881157009317e+06
451 31 -1.085881157009317e+06
31 452  2.953584461512920e+06
452 31  2.953584461512920e+06
31 1299 -2.672784859057879e+06
1299 31 -2.672784859057879e+06
31 1300 -5.925950353395599e+05
1300 31 -5.925950353395599e+05
32 32  9.686792687543187e+06
32 33 -1.901590535919725e+06
33 32 -1.901590535919725e+06
32 34  2.259502102690951e+06
34 32  2.259502102690951e+06
32 127 -1.051993925593195e+06
127 32 -1.051993925593195e+06
32 128  2.960720691822096e+06
128 32  2.960720691822096e+06
32 447  1.398159880355938e+06
447 32  1.398159880355938e+06
32 448 -2.847071057720622e+06
448 32 -2.847071057720622e+06
32 451  2.953584461512920e+06
451 32  2.953584461512920e+06
32 452 -5.231648459793827e+06
452 32 -5.231648459793827e+06
32 1299 -5.925950353395599e+05
1299 32 -5.925950353395599e+05
32 1300 -6.828295964541784e+06
1300 32 -6.828295964541784e+06
33 33  8.771678300709765e+06
33 34 -6.922353549461092e+05
34 33 -6.922353549461092e+05
33 129 -7.195498847576850e+05
129 33 -7.195498847576850e+05
33 130 -1.172332515220039e+06
130 33 -1.172332515220039e+06
33 447  1.562480064806077e+05
447 33  1.562480064806077e+05
33 448  3.073923051139764e+06
448 33  3.073923051139764e+06
33 451 -2.094968219495532e+06
451 33 -2.094968219495532e+06
33 452 -2.276900723489783e+05
452 33 -2.276900723489783e+05
33 509 -6.666062584222315e+06
509 33 -6.666062584222315e+06
33 510  9.199254272950875e+05
510 33  9.199254272950875e+05
34 34  8.329315805451786e+06
34 129 -1.838999181886706e+06
129 34 -1.838999181886706e+06
34 130  7.097850068477353e+05
130 34  7.097850068477353e+05
34 447  3.073923051139764e+06
447 34  3.073923051139764e+06
34 448 -2.979934606530605e+06
448 34 -2.979934606530605e+06
34 451 -2.276900723489783e+05
451 34 -2.276900723489783e+05
34 452 -5.535999837786607e+06
452 34 -5.535999837786607e+06
34 509  9.199254272950874e+05
509 34  9.199254272950874e+05
34 510 -2.782668470673261e+06
510 34 -2.782668470673261e+06
35 35  7.229055254947897e+06
35 36 -6.777886355715632e+05
36 35 -6.777886355715632e+05
35 129  7.522113384681602e+05
129 35  7.522113384681602e+05
35 130 -6.425227950194965e+05
130 35 -6.425227950194965e+05
35 131  2.094807484374339e+06
131 35  2.094807484374339e+06
35 132  1.522652149558695e+05
132 35  1.522652149558695e+05
35 441 -3.926738680433098e+06
441 35 -3.926738680433098e+06
35 442  2.003067746555391e+06
442 35  2.003067746555391e+06
35 455 -2.858302975697112e+06
455 35 -2.858302975697112e+06
35 456  4.902575800636269e+05
456 35  4.902575800636269e+05
35 1307 -3.291032421660186e+06
1307 35 -3.291032421660186e+06
35 1308 -1.325279110983829e+06
1308 35 -1.325279110983829e+06
36 36  8.465432477157408e+06
36 129  2.414387164717028e+04
129 36  2.414387164717028e+04
36 130 -2.632270960666626e+06
130 36 -2.632270960666626e+06
36 131 -5.144014517107973e+05
131 36 -5.144014517107973e+05
36 132 -1.241690747462072e+06
132 36 -1.241690747462072e+06
36 441  2.003067746555392e+06
441 36  2.003067746555392e+06
36 442 -5.768766888613033e+06
442 36 -5.768766888613033e+06
36 455  4.902575800636272e+05
455 36  4.902575800636272e+05
36 456  3.862677555274085e+06
456 36  3.862677555274085e+06
36 1307 -1.325279110983829e+06
1307 36 -1.325279110983829e+06
36 1308 -2.685381435689762e+06
1308 36 -2.685381435689762e+06
37 37  8.457140245227775e+06
37 38 -5.215188069180679e+04
38 37 -5.215188069180679e+04
37 131  2.681203995857247e+06
131 37  2.681203995857247e+06
37 132 -1.555907231884340e+05
132 37 -1.555907231884340e+05
37 133  2.249284353493493e+06
133 37  2.249284353493493e+06
37 134  8.913184700863112e+05
134 37  8.913184700863112e+05
37 543 -4.941329218210170e+06
543 37 -4.941329218210170e+06
37 544 -7.357277468978774e+05
544 37 -7.357277468978774e+05
37 545 -3.577780650756603e+06
545 37 -3.577780650756603e+06
37 546 -1.731780984179599e+06
546 37 -1.731780984179599e+06
37 1307 -4.868518725611743e+06
1307 37 -4.868518725611743e+06
37 1308  1.783932864871406e+06
1308 37  1.783932864871406e+06
38 38  7.664429186529934e+06
38 131  5.110759434782329e+05
131 38  5.110759434782329e+05
38 132 -7.482354630457058e+05
132 38 -7.482354630457058e+05
38 133  2.246518034196445e+05
133 38  2.246518034196445e+05
38 134 -9.473783156546354e+05
134 38 -9.473783156546354e+05
38 543 -7.357277468978773e+05
543 38 -7.357277468978773e+05
38 544  1.684772909840913e+06
544 38  1.684772909840913e+06
38 545 -1.731780984179599e+06
545 38 -1.731780984179599e+06
38 546 -4.134969494791671e+06
546 38 -4.134969494791671e+06
38 1307  1.783932864871406e+06
1307 38  1.783932864871406e+06
38 1308 -3.518618822878834e+06
1308 38 -3.518618822878834e+06
39 39  8.222810979978186e+06
39 40 -6.366207541169559e+05
40 39 -6.366207541169559e+05
39 41 -1.024486397717406e+06
41 39 -1.024486397717406e+06
39 42  1.850533756655310e+06
42 39  1.850533756655310e+06
39 133  9.720352638987768e+05
133 39  9.720352638987768e+05
39 134  3.150157219193473e+05
134 39  3.150157219193473e+05
39 403  2.355058572406907e+06
403 39  2.355058572406907e+06
39 404 -1.970103128119535e+06
404 39 -1.970103128119535e+06
39 435 -2.314494926143452e+06
435 39 -2.314494926143452e+06
39 436 -1.954463504551227e+05
436 39 -1.954463504551227e+05
39 515 -1.702513587446358e+06
515 39 -1.702513587446358e+06
39 516  6.370065601594086e+05
516 39  6.370065601594086e+05
39 545 -3.290393780497706e+06
545 39 -3.290393780497706e+06
39 546  1.315122679071612e+06
546 39  1.315122679071612e+06
39 903 -3.218016124478950e+06
903 39 -3.218016124478950e+06
39 904 -1.315508485114065e+06
904 39 -1.315508485114065e+06
40 40  9.273679528520497e+06
40 41  1.183867089988644e+06
41 40  1.183867089988644e+06
40 42  3.850524800794402e+05
42 40  3.850524800794402e+05
40 133  9.816823885860140e+05
133 40  9.816823885860140e+05
40 134 -2.144271572759056e+06
134 40 -2.144271572759056e+06
40 403 -1.970103128119535e+06
403 40 -1.970103128119535e+06
40 404 -2.271906330618563e+06
404 40 -2.271906330618563e+06
40 435 -1.954463504551228e+05
435 40 -1.954463504551228e+05
40 436  4.019237935743006e+06
436 40  4.019237935743006e+06
40 515  6.370065601594087e+05
515 40  6.370065601594087e+05
40 516 -3.921337830192435e+06
516 40 -3.921337830192435e+06
40 545  1.315122679071612e+06
545 40  1.315122679071612e+06
40 546 -2.656720182103151e+06
546 40 -2.656720182103151e+06
40 903 -1.315508485114065e+06
903 40 -1.315508485114065e+06
40 904 -2.683734028669737e+06
904 40 -2.683734028669737e+06
41 41  8.660980116242895e+06
41 42  3.640217075526323e+05
42 41  3.640217075526323e+05
41 135 -2.285540559281863e+04
135 41 -2.285540559281863e+04
41 136  1.849994038085962e+06
136 41  1.849994038085962e+06
41 401 -1.783559929629945e+06
401 41 -1.783559929629945e+06
41 402  3.830359885726708e+05
402 41  3.830359885726708e+05
41 403 -6.866306965881954e+06
403 41 -6.866306965881954e+06
41 404 -7.470576961253032e+05
404 41 -7.470576961253032e+05
41 515  1.036228582579229e+06
515 41  1.036228582579229e+06
41 516 -3.033861128074605e+06
516 41 -3.033861128074605e+06
42 42  7.336164685990468e+06
42 135  1.183327371419295e+06
135 42  1.183327371419295e+06
42 136  1.518478233526044e+06
136 42  1.518478233526044e+06
42 401  3.830359885726708e+05
401 42  3.830359885726708e+05
42 402 -4.570972537682084e+06
402 42 -4.570972537682084e+06
42 403 -7.470576961253032e+05
403 42 -7.470576961253032e+05
42 404 -2.754078927577387e+06
404 42 -2.754078927577387e+06
42 515 -3.033861128074606e+06
515 42 -3.033861128074606e+06
42 516 -1.914643934336481e+06
516 42 -1.914643934336481e+06
43 43  7.066289067265902e+06
43 44  1.312768183142876e+05
44 43  1.312768183142876e+05
43 135 -2.507533047229487e+05
135 43 -2.507533047229487e+05
43 136  6.115504828526885e+05
136 43  6.115504828526885e+05
43 137 -6.012768640301190e+04
137 43 -6.012768640301190e+04
43 138  8.002865006327971e+05
138 43  8.002865006327971e+05
43 401 -4.049004350994693e+06
401 43 -4.049004350994693e+06
43 402 -1.612166864847095e+06
402 43 -1.612166864847095e+06
43 517 -3.005308214092645e+06
517 43 -3.005308214092645e+06
43 518  1.480890046532807e+06
518 43  1.480890046532807e+06
43 1305  2.989044889473957e+05
1305 43  2.989044889473957e+05
43 1306 -1.411836983485486e+06
1306 43 -1.411836983485486e+06
44 44  8.744088493853359e+06
44 135  1.278217149519355e+06
135 44  1.278217149519355e+06
44 136  2.715990782238569e+06
136 44  2.715990782238569e+06
44 137  1.336198339661304e+05
137 44  1.336198339661304e+05
44 138  3.503094675494215e+06
138 44  3.503094675494215e+06
44 401 -1.612166864847095e+06
401 44 -1.612166864847095e+06
44 402 -3.252614582016221e+06
402 44 -3.252614582016221e+06
44 517  1.480890046532807e+06
517 44  1.480890046532807e+06
44 518 -5.479497409658573e+06
518 44 -5.479497409658573e+06
44 1305 -1.411836983485485e+06
1305 44 -1.411836983485485e+06
44 1306 -6.231061959911349e+06
1306 44 -6.231061959911349e+06
45 45  8.207506664195491e+06
45 46 -5.010547382873276e+05
46 45 -5.010547382873276e+05
45 137 -2.008800781888373e+05
137 45 -2.008800781888373e+05
45 138 -5.052976198527238e+05
138 45 -5.052976198527238e+05
45 139  3.710794861016045e+05
139 45  3.710794861016045e+05
45 140 -8.895408277967625e+05
140 45 -8.895408277967625e+05
45 395 -5.204379915201106e+06
395 45 -5.204379915201106e+06
45 396  2.027863723164510e+06
396 45  2.027863723164510e+06
45 517 -2.991918410577719e+06
517 45 -2.991918410577719e+06
45 518 -1.526808984877182e+06
518 45 -1.526808984877182e+06
45 519 -1.814077463294333e+05
519 45 -1.814077463294333e+05
45 520  1.394838447649486e+06
520 45  1.394838447649486e+06
46 46  8.769963082245510e+06
46 137  1.613690468139432e+05
137 46  1.613690468139432e+05
46 138  3.425322648062753e+06
138 46  3.425322648062753e+06
46 139 -1.556207494463429e+06
139 46 -1.556207494463429e+06
46 140  3.144707861379263e+06
140 46  3.144707861379263e+06
46 395  2.027863723164509e+06
395 46  2.027863723164509e+06
46 396 -4.060641763880398e+06
396 46 -4.060641763880398e+06
46 517 -1.526808984877182e+06
517 46 -1.526808984877182e+06
46 518 -4.698112979948447e+06
518 46 -4.698112979948447e+06
46 519  1.394838447649486e+06
519 46  1.394838447649486e+06
46 520 -6.581238847858682e+06
520 46 -6.581238847858682e+06
47 47  8.053933937347975e+06
47 48 -4.648145378948977e+05
48 47 -4.648145378948977e+05
47 49  8.735179179006016e+05
49 47  8.735179179006016e+05
47 50 -1.389437630604514e+06
50 47 -1.389437630604514e+06
47 139  7.134690141593610e+05
139 47  7.134690141593610e+05
47 140 -1.933593077910517e+06
140 47 -1.933593077910517e+06
47 395 -2.119576163752123e+06
395 47 -2.119576163752123e+06
47 396 -1.494592691336583e+05
396 47 -1.494592691336583e+05
47 407 -1.598264762353198e+06
407 47 -1.598264762353198e+06
47 408  3.323030708515031e+06
408 47  3.323030708515031e+06
47 495 -5.923079943302616e+06
495 47 -5.923079943302616e+06
47 496  6.142738070285560e+05
496 47  6.142738070285560e+05
48 48  8.005874142366016e+06
48 49 -2.056104297271181e+06
49 48 -2.056104297271181e+06
48 50  1.106887737984353e+06
50 48  1.106887737984353e+06
48 139 -1.266926411243850e+06
139 48 -1.266926411243850e+06
48 140  2.416266146827048e+06
140 48  2.416266146827048e+06
48 395 -1.494592691336583e+05
395 48 -1.494592691336583e+05
48 396 -5.633468365182201e+06
396 48 -5.633468365182201e+06
48 407  3.323030708515031e+06
407 48  3.323030708515031e+06
48 408 -3.534431715104637e+06
408 48 -3.534431715104637e+06
48 495  6.142738070285560e+05
495 48  6.142738070285560e+05
48 496 -2.361127946890579e+06
496 48 -2.361127946890579e+06
49 49  7.501852549099575e+06
49 50  1.011310043743224e+04
50 49  1.011310043743224e+04
49 141  6.830875242961522e+05
141 49  6.830875242961522e+05
49 142 -1.283337284114575e+06
142 49 -1.283337284114575e+06
49 407 -1.927119252157283e+06
407 49 -1.927119252157283e+06
49 408  3.095720739411601e+05
408 49  3.095720739411601e+05
49 495 -1.567988442403749e+06
495 49 -1.567988442403749e+06
49 496  3.339441581385756e+06
496 49  3.339441581385756e+06
49 521 -5.563350296735296e+06
521 49 -5.563350296735296e+06
49 522 -3.196851743785923e+05
522 49 -3.196851743785923e+05
50 50  7.167909904652340e+06
50 141 -1.950003950781241e+06
141 50 -1.950003950781241e+06
50 142 -1.619073888072580e+05
142 50 -1.619073888072580e+05
50 407  3.095720739411601e+05
407 50  3.095720739411601e+05
50 408 -5.031217692934301e+06
408 50 -5.031217692934301e+06
50 495  3.339441581385755e+06
495 50  3.339441581385755e+06
50 496 -9.563633493840906e+05
496 50 -9.563633493840906e+05
50 521 -3.196851743785923e+05
521 50 -3.196851743785923e+05
50 522 -2.125309211511043e+06
522 50 -2.125309211511043e+06
51 51  7.716264621759573e+06
51 52  1.104266560723750e+06
52 51  1.104266560723750e+06
51 141  1.361628043388285e+06
141 51  1.361628043388285e+06
51 142 -1.412610552977577e+06
142 51 -1.412610552977577e+06
51 143  8.800325199457498e+05
143 51  8.800325199457498e+05
51 144 -5.544657983987550e+05
144 51 -5.544657983987550e+05
51 491 -2.253520447589357e+06
491 51 -2.253520447589357e+06
51 492  1.967076351376332e+06
492 51  1.967076351376332e+06
51 521 -1.911327505645390e+06
521 51 -1.911327505645390e+06
51 522  9.476239492175889e+05
522 51  9.476239492175889e+05
51 523 -5.793077231858861e+06
523 51 -5.793077231858861e+06
51 524 -2.051890509941339e+06
524 51 -2.051890509941339e+06
52 52  7.479958690122556e+06
52 141 -7.459438863109103e+05
141 52 -7.459438863109103e+05
52 142 -1.179839608545264e+06
142 52 -1.179839608545264e+06
52 143 -1.221132465065422e+06
143 52 -1.221132465065422e+06
52 144 -1.984951459701729e+06
144 52 -1.984951459701729e+06
52 491  1.967076351376332e+06
491 52  1.967076351376332e+06
52 492  3.152931183991671e+06
492 52  3.152931183991671e+06
52 521  9.476239492175888e+05
521 52  9.476239492175888e+05
52 522 -3.439163130180501e+06
522 52 -3.439163130180501e+06
52 523 -2.051890509941339e+06
523 52 -2.051890509941339e+06
52 524 -4.028935675686732e+06
524 52 -4.028935675686732e+06
53 53  9.288054796348978e+06
53 54 -4.629079902705878e+05
54 53 -4.629079902705878e+05
53 143  9.057931160461889e+05
143 53  9.057931160461889e+05
53 144  8.253993779156788e+05
144 53  8.253993779156788e+05
53 145  8.684712327982247e+05
145 53  8.684712327982247e+05
53 146  1.346156943397097e+06
146 53  1.346156943397097e+06
53 413 -6.511915161538607e+06
413 53 -6.511915161538607e+06
53 414  1.781988815815226e+06
414 53  1.781988815815226e+06
53 525 -2.766836082520696e+06
525 53 -2.766836082520696e+06
53 526 -1.319080825544638e+06
526 53 -1.319080825544638e+06
53 1303 -1.783567901134090e+06
1303 53 -1.783567901134090e+06
53 1304 -2.171556321312775e+06
1304 53 -2.171556321312775e+06
54 54  8.960786663225241e+06
54 143  1.492066044582346e+06
143 54  1.492066044582346e+06
54 144 -1.505404605596930e+06
144 54 -1.505404605596930e+06
54 145  6.794902767304298e+05
145 54  6.794902767304298e+05
54 146 -1.813055816224441e+06
146 54 -1.813055816224441e+06
54 413  1.781988815815226e+06
413 54  1.781988815815226e+06
54 414 -3.603393222575873e+06
414 54 -3.603393222575873e+06
54 525 -1.319080825544638e+06
525 54 -1.319080825544638e+06
54 526 -5.348089888359691e+06
526 54 -5.348089888359691e+06
54 1303 -2.171556321312776e+06
1303 54 -2.171556321312776e+06
54 1304  3.309156869531693e+06
1304 54  3.309156869531693e+06
55 55  9.341145436723454e+06
55 56  7.044337687769012e+05
56 55  7.044337687769012e+05
55 57  7.146844724918180e+04
57 55  7.146844724918180e+04
55 58  1.913986995415516e+06
58 55  1.913986995415516e+06
55 145 -1.078864110023203e+06
145 55 -1.078864110023203e+06
55 146  1.131885924048150e+06
146 55  1.131885924048150e+06
55 675 -7.434484883663085e+06
675 55 -7.434484883663085e+06
55 676 -9.915561748828727e+05
676 55 -9.915561748828727e+05
55 679  9.968348798188416e+05
679 55  9.968348798188416e+05
55 680 -3.045872919463666e+06
680 55 -3.045872919463666e+06
55 1301 -1.896099770105188e+06
1301 55 -1.896099770105188e+06
55 1302  2.871224061059714e+05
1302 55  2.871224061059714e+05
56 56  8.055604799487834e+06
56 57  1.247320328748849e+06
57 56  1.247320328748849e+06
56 58  1.299554638023065e+06
58 56  1.299554638023065e+06
56 145  1.798552590714817e+06
145 56  1.798552590714817e+06
56 146  5.289817077031697e+05
146 56  5.289817077031697e+05
56 675 -9.915561748828725e+05
675 56 -9.915561748828725e+05
56 676 -3.082243439122682e+06
676 56 -3.082243439122682e+06
56 679 -3.045872919463667e+06
679 56 -3.045872919463667e+06
56 680 -1.839097128681415e+06
680 56 -1.839097128681415e+06
56 1301  2.871224061059713e+05
1301 56  2.871224061059713e+05
56 1302 -4.962800577409972e+06
1302 56 -4.962800577409972e+06
57 57  8.053879875481776e+06
57 58  1.780360906116944e+05
58 57  1.780360906116944e+05
57 147 -6.965178110358189e+05
147 57 -6.965178110358189e+05
57 148  1.839055023370723e+06
148 57  1.839055023370723e+06
57 679 -5.618356658809514e+06
679 57 -5.618356658809514e+06
57 680 -9.727968712440839e+05
680 57 -9.727968712440839e+05
57 683 -2.425152038573371e+06
683 57 -2.425152038573371e+06
57 684  7.947607806323895e+05
684 57  7.947607806323895e+05
57 1301  6.146781856877452e+05
1301 57  6.146781856877452e+05
57 1302 -3.086375352119572e+06
1302 57 -3.086375352119572e+06
58 58  8.320694201599548e+06
58 147  1.172388356704056e+06
147 58  1.172388356704056e+06
58 148  7.327014600291774e+05
148 58  7.327014600291774e+05
58 679 -9.727968712440839e+05
679 58 -9.727968712440839e+05
58 680 -2.487006056798466e+06
680 58 -2.487006056798466e+06
58 683  7.947607806323895e+05
683 58  7.947607806323895e+05
58 684 -5.823316966702191e+06
684 58 -5.823316966702191e+06
58 1301 -3.086375352119572e+06
1301 58 -3.086375352119572e+06
58 1302 -2.042627276151135e+06
1302 58 -2.042627276151135e+06
59 59  8.029338097687883e+06
59 60  1.372705275625110e+06
60 59  1.372705275625110e+06
59 127 -3.991545460197038e+05
127 59 -3.991545460197038e+05
59 128 -7.868134092180079e+05
128 59 -7.868134092180079e+05
59 147 -2.348462492365077e+06
147 59 -2.348462492365077e+06
59 148 -1.640602375204804e+06
148 59 -1.640602375204804e+06
59 423 -4.812340518298117e+06
423 59 -4.812340518298117e+06
59 424 -2.451566185068444e+06
424 59 -2.451566185068444e+06
59 453  2.735819127213580e+06
453 59  2.735819127213580e+06
59 454  2.427415784422812e+06
454 59  2.427415784422812e+06
59 1299 -3.205199668218564e+06
1299 59 -3.205199668218564e+06
59 1300  1.078860909443334e+06
1300 59  1.078860909443334e+06
60 60  9.817474098555382e+06
60 127 -1.453480075884674e+06
127 60 -1.453480075884674e+06
60 128  2.202368265741021e+06
128 60  2.202368265741021e+06
60 147 -9.739357085381373e+05
147 60 -9.739357085381373e+05
60 148 -1.871624517554708e+04
148 60 -1.871624517554708e+04
60 423 -2.451566185068444e+06
423 60 -2.451566185068444e+06
60 424 -7.694210751579612e+06
424 60 -7.694210751579612e+06
60 453  2.427415784422812e+06
453 60  2.427415784422812e+06
60 454 -2.195449931736674e+06
454 60 -2.195449931736674e+06
60 1299  1.078860909443334e+06
1299 60  1.078860909443334e+06
60 1300 -2.111465435804569e+06
1300 60 -2.111465435804569e+06
61 61  6.989946658326745e+06
61 62  5.084702624903761e+05
62 61  5.084702624903761e+05
61 151 -1.533383949607573e+06
151 61 -1.533383949607573e+06
61 152 -8.735496695331531e+05
152 61 -8.735496695331531e+05
61 153 -1.416315230077102e+06
153 61 -1.416315230077102e+06
61 154 -1.719027371625790e+06
154 61 -1.719027371625790e+06
61 449 -2.938175119603003e+06
449 61 -2.938175119603003e+06
61 450 -1.345129770231959e+06
450 61 -1.345129770231959e+06
61 529 -4.041980177359390e+06
529 61 -4.041980177359390e+06
61 530  8.366595077415828e+05
530 61  8.366595077415828e+05
61 531  2.939907818320323e+06
531 61  2.939907818320323e+06
61 532  2.592577041158943e+06
532 61  2.592577041158943e+06
62 62  7.885530065615992e+06
62 151 -1.540216336199820e+06
151 62 -1.540216336199820e+06
62 152  7.898915444468745e+05
152 62  7.898915444468745e+05
62 153 -1.052360704959123e+06
153 62 -1.052360704959123e+06
62 154  4.833038011340596e+05
154 62  4.833038011340596e+05
62 449 -1.345129770231959e+06
449 62 -1.345129770231959e+06
62 450 -5.963761361342111e+06
450 62 -5.963761361342111e+06
62 529  8.366595077415828e+05
529 62  8.366595077415828e+05
62 530 -1.911977342909530e+06
530 62 -1.911977342909530e+06
62 531  2.592577041158943e+06
531 62  2.592577041158943e+06
62 532 -1.282986706945286e+06
532 62 -1.282986706945286e+06
63 63  6.964884062060237e+06
63 64 -4.434156558663468e+03
64 63 -4.434156558663468e+03
63 155 -8.281594182246802e+05
155 63 -8.281594182246802e+05
63 156 -1.254083956857692e+06
156 63 -1.254083956857692e+06
63 157 -3.966430636798653e+05
157 63 -3.966430636798653e+05
63 158 -1.981957950583232e+06
