1 1  6.496444153174384e+06
1 2  5.055361979026580e+04
2 1  5.055361979026580e+04
1 49  1.935153112681177e+06
49 1  1.935153112681177e+06
1 50 -2.013619421575400e+05
50 1 -2.013619421575400e+05
1 97 -4.662391149857081e+05
97 1 -4.662391149857081e+05
1 98  5.971047494163947e+05
98 1  5.971047494163947e+05
1 185 -1.479081897825764e+06
185 1 -1.479081897825764e+06
1 186 -3.957428072588547e+05
186 1 -3.957428072588547e+05
1 503 -3.064872344175132e+06
503 1 -3.064872344175132e+06
1 504  1.565176847299449e+06
504 1  1.565176847299449e+06
1 711 -3.421403908868956e+06
711 1 -3.421403908868956e+06
1 712 -1.615730467089715e+06
712 1 -1.615730467089715e+06
2 2  8.441190275148883e+06
2 49 -2.013619421575400e+05
49 2 -2.013619421575400e+05
2 50 -4.891917072078846e+06
50 2 -4.891917072078846e+06
2 97 -6.956191725027177e+04
97 2 -6.956191725027177e+04
2 98  3.025305150957971e+06
98 2  3.025305150957971e+06
2 185  2.709238594078119e+05
185 2  2.709238594078119e+05
2 186  1.856444020990578e+06
186 2  1.856444020990578e+06
2 503  1.565176847299449e+06
503 2  1.565176847299449e+06
2 504 -4.719652551966567e+06
504 2 -4.719652551966567e+06
2 711 -1.615730467089715e+06
711 2 -1.615730467089715e+06
2 712 -3.711369823052021e+06
712 2 -3.711369823052021e+06
3 3  8.635789359715812e+06
3 4 -2.406074746837206e+05
4 3 -2.406074746837206e+05
3 55  4.058100014460890e+06
55 3  4.058100014460890e+06
3 56  4.000142609584145e+00
56 3  4.000142609584145e+00
3 57 -2.556026575190060e+06
57 3 -2.556026575190060e+06
3 58 -7.758346366824978e+04
58 3 -7.758346366824978e+04
3 183 -1.512744932412759e+06
183 3 -1.512744932412759e+06
3 184  7.757946352564008e+04
184 3  7.757946352564008e+04
3 509 -4.377980320346665e+06
509 3 -4.377980320346665e+06
3 510 -1.581852113934234e+06
510 3 -1.581852113934234e+06
3 677 -4.247137546227220e+06
677 3 -4.247137546227220e+06
3 678  1.822459588617954e+06
678 3  1.822459588617954e+06
4 4  6.944798710998982e+06
4 55  4.000142609467730e+00
55 4  4.000142609467730e+00
4 56 -2.623558720567712e+06
56 4 -2.623558720567712e+06
4 57  5.890832029984171e+05
57 4  5.890832029984171e+05
4 58  8.293894437219799e+05
58 4  8.293894437219799e+05
4 183 -5.890872031410263e+05
183 4 -5.890872031410263e+05
4 184  1.783497783703803e+06
184 4  1.783497783703803e+06
4 509 -1.581852113934233e+06
509 4 -1.581852113934233e+06
4 510 -3.112907899266971e+06
510 4 -3.112907899266971e+06
4 677  1.822459588617954e+06
677 4  1.822459588617954e+06
4 678 -3.821219318590081e+06
678 4 -3.821219318590081e+06
5 5  6.578407008643100e+06
5 75  1.237224078728286e+06
75 5  1.237224078728286e+06
5 76  5.386582349933807e+05
76 5  5.386582349933807e+05
5 77 -2.485313534076668e+06
77 5 -2.485313534076668e+06
5 129  1.237224078728286e+06
129 5  1.237224078728286e+06
5 130 -5.386582349933807e+05
130 5 -5.386582349933807e+05
5 581 -3.283770816011502e+06
581 5 -3.283770816011502e+06
5 582 -1.625933108250195e+06
582 5 -1.625933108250195e+06
5 655 -3.283770816011502e+06
655 5 -3.283770816011502e+06
5 656  1.625933108250195e+06
656 5  1.625933108250195e+06
6 6  8.156945398708111e+06
6 75 -1.280084316732861e+05
75 6 -1.280084316732861e+05
6 76 -2.093216868823214e+06
76 6 -2.093216868823214e+06
6 78  4.175568361026332e+06
78 6  4.175568361026332e+06
6 129  1.280084316732861e+05
129 6  1.280084316732861e+05
6 130 -2.093216868823214e+06
130 6 -2.093216868823214e+06
6 581 -1.625933108250195e+06
581 6 -1.625933108250195e+06
6 582 -4.073040011044008e+06
582 6 -4.073040011044008e+06
6 655  1.625933108250195e+06
655 6  1.625933108250195e+06
6 656 -4.073040011044008e+06
656 6 -4.073040011044008e+06
7 7  1.000000000000000e+36
7 8  7.359230387303727e+05
8 7  7.359230387303727e+05
7 85  2.381706152225154e+06
85 7  2.381706152225154e+06
7 86  1.040469698626865e+06
86 7  1.040469698626865e+06
7 101  2.481631256518796e+06
101 7  2.481631256518796e+06
7 102  7.623786346909781e+05
102 7  7.623786346909781e+05
7 551 -5.319243391388274e+06
551 7 -5.319243391388274e+06
7 552  5.706824363556737e+05
552 7  5.706824363556737e+05
7 559 -4.873299163709617e+06
559 7 -4.873299163709617e+06
7 560 -1.802848333317843e+06
560 7 -1.802848333317843e+06
7 567 -2.832526635174163e+06
567 7 -2.832526635174163e+06
7 568 -1.306605475086046e+06
568 7 -1.306605475086046e+06
8 8  1.000000000000000e+36
8 85  1.707136365293531e+06
85 8  1.707136365293531e+06
8 86  1.662767008380808e+05
86 8  1.662767008380808e+05
8 101  9.571196802431135e+04
101 8  9.571196802431135e+04
8 102 -8.265544451949520e+05
102 8 -8.265544451949520e+05
8 551  5.706824363556737e+05
551 8  5.706824363556737e+05
8 552 -2.129216132216041e+06
552 8 -2.129216132216041e+06
8 559 -1.802848333317843e+06
559 8 -1.802848333317843e+06
8 560  6.503159893912043e+05
560 8  6.503159893912043e+05
8 567 -1.306605475086046e+06
567 8 -1.306605475086046e+06
8 568 -2.914049149757576e+06
568 8 -2.914049149757576e+06
9 9  1.000000000000000e+36
9 83 -5.977711394314820e+06
83 9 -5.977711394314820e+06
9 84 -2.328306436538696e-10
84 9 -2.328306436538696e-10
9 99  2.983777277546526e+06
99 9  2.983777277546526e+06
9 100 -2.484605529520387e+05
100 9 -2.484605529520387e+05
9 127  2.983777277546526e+06
127 9  2.983777277546526e+06
9 128  2.484605529520387e+05
128 9  2.484605529520387e+05
9 575 -4.760352351678085e+06
575 9 -4.760352351678085e+06
9 576  1.730908480889681e+06
576 9  1.730908480889681e+06
9 661 -4.760352351678085e+06
661 9 -4.760352351678085e+06
9 662 -1.730908480889681e+06
662 9 -1.730908480889681e+06
10 10  1.000000000000000e+36
10 83  2.328306436538696e-10
83 10  2.328306436538696e-10
10 84  1.046006216295531e+06
84 10  1.046006216295531e+06
10 99  4.182061137146277e+05
99 10  4.182061137146277e+05
10 100 -5.280815277586500e+05
100 10 -5.280815277586500e+05
10 127 -4.182061137146277e+05
127 10 -4.182061137146277e+05
10 128 -5.280815277586500e+05
128 10 -5.280815277586500e+05
10 575  1.730908480889681e+06
575 10  1.730908480889681e+06
10 576 -3.409593914973608e+06
576 10 -3.409593914973608e+06
10 661 -1.730908480889681e+06
661 10 -1.730908480889681e+06
10 662 -3.409593914973608e+06
662 10 -3.409593914973608e+06
11 11  8.463277388396382e+06
11 12  2.616656680053601e+05
12 11  2.616656680053601e+05
11 103  3.491128124820322e+06
103 11  3.491128124820322e+06
11 104 -9.035753433303186e+04
104 11 -9.035753433303186e+04
11 147 -2.556026575190060e+06
147 11 -2.556026575190060e+06
11 148  7.758346366824978e+04
148 11  7.758346366824978e+04
11 199 -9.459347863386504e+05
199 11 -9.459347863386504e+05
11 200  1.277407066478184e+04
200 11  1.277407066478184e+04
11 583 -4.377980320346665e+06
583 11 -4.377980320346665e+06
11 584  1.581852113934234e+06
584 11  1.581852113934234e+06
11 763 -4.074463831341330e+06
763 11 -4.074463831341330e+06
11 764 -1.843517781939594e+06
764 11 -1.843517781939594e+06
12 12  7.156171588822087e+06
12 103 -9.035753433303162e+04
103 12 -9.035753433303162e+04
12 104 -3.219946363431569e+06
104 12 -3.219946363431569e+06
12 147 -5.890832029984171e+05
147 12 -5.890832029984171e+05
12 148  8.293894437219799e+05
148 12  8.293894437219799e+05
12 199  6.794407373314489e+05
199 12  6.794407373314489e+05
12 200  2.379723683001200e+06
200 12  2.379723683001200e+06
12 583  1.581852113934233e+06
583 12  1.581852113934233e+06
12 584 -3.112907899266971e+06
584 12 -3.112907899266971e+06
12 763 -1.843517781939594e+06
763 12 -1.843517781939594e+06
12 764 -4.032430452846726e+06
764 12 -4.032430452846726e+06
13 13  6.327647748676906e+06
13 14 -3.828498574948125e+04
14 13 -3.828498574948125e+04
13 109  1.463107869550341e+06
109 13  1.463107869550341e+06
13 110  2.040286489782968e+05
110 13  2.040286489782968e+05
13 111 -4.662391149857081e+05
111 13 -4.662391149857081e+05
13 112 -5.971047494163947e+05
112 13 -5.971047494163947e+05
13 235 -1.007158146124306e+06
235 13 -1.007158146124306e+06
13 236  3.930761004380982e+05
236 13  3.930761004380982e+05
13 589 -3.064872344175132e+06
589 13 -3.064872344175132e+06
13 590 -1.565176847299449e+06
590 13 -1.565176847299449e+06
13 805 -3.252486012942100e+06
805 13 -3.252486012942100e+06
13 806  1.603461833048930e+06
806 13  1.603461833048930e+06
14 14  8.703985781340359e+06
14 109  2.040286489782967e+05
109 14  2.040286489782967e+05
14 110 -5.418218817862860e+06
110 14 -5.418218817862860e+06
14 111  6.956191725027177e+04
111 14  6.956191725027177e+04
14 112  3.025305150957971e+06
112 14  3.025305150957971e+06
14 235 -2.735905662285684e+05
235 14 -2.735905662285684e+05
14 236  2.382624275345216e+06
236 14  2.382624275345216e+06
14 589 -1.565176847299449e+06
589 14 -1.565176847299449e+06
14 590 -4.719652551966567e+06
590 14 -4.719652551966567e+06
14 805  1.603461833048930e+06
805 14  1.603461833048930e+06
14 806 -3.974043837814119e+06
806 14 -3.974043837814119e+06
15 15  1.000000000000000e+36
15 16 -7.359230387303727e+05
16 15 -7.359230387303727e+05
15 123  2.381706152225154e+06
123 15  2.381706152225154e+06
15 124 -1.040469698626865e+06
124 15 -1.040469698626865e+06
15 125  2.481631256518796e+06
125 15  2.481631256518796e+06
15 126 -7.623786346909781e+05
126 15 -7.623786346909781e+05
15 637 -5.319243391388274e+06
637 15 -5.319243391388274e+06
15 638 -5.706824363556737e+05
638 15 -5.706824363556737e+05
15 645 -4.873299163709616e+06
645 15 -4.873299163709616e+06
15 646  1.802848333317843e+06
646 15  1.802848333317843e+06
15 653 -2.832526635174163e+06
653 15 -2.832526635174163e+06
15 654  1.306605475086046e+06
654 15  1.306605475086046e+06
16 16  1.000000000000000e+36
16 123 -1.707136365293531e+06
123 16 -1.707136365293531e+06
16 124  1.662767008380808e+05
124 16  1.662767008380808e+05
16 125 -9.571196802431135e+04
125 16 -9.571196802431135e+04
16 126 -8.265544451949520e+05
126 16 -8.265544451949520e+05
16 637 -5.706824363556737e+05
637 16 -5.706824363556737e+05
16 638 -2.129216132216041e+06
638 16 -2.129216132216041e+06
16 645  1.802848333317842e+06
645 16  1.802848333317842e+06
16 646  6.503159893912043e+05
646 16  6.503159893912043e+05
16 653  1.306605475086046e+06
653 16  1.306605475086046e+06
16 654 -2.914049149757576e+06
654 16 -2.914049149757576e+06
17 17  1.925338180679908e+07
17 18  4.135962523569865e+04
18 17  4.135962523569865e+04
17 161  7.161753458588478e+06
161 17  7.161753458588478e+06
17 162 -4.310073995247716e+03
162 17 -4.310073995247716e+03
17 163 -7.137285664084892e+06
163 17 -7.137285664084892e+06
17 164 -7.591208395239664e+03
164 17 -7.591208395239664e+03
17 211  7.156044772483137e+06
211 17  7.156044772483137e+06
17 212  1.762378844161029e+04
212 17  1.762378844161029e+04
17 243 -7.203684242524460e+06
243 17 -7.203684242524460e+06
17 244 -5.722506051122909e+03
244 17 -5.722506051122909e+03
17 693 -4.879681942371098e+06
693 17 -4.879681942371098e+06
17 694 -1.613142631784066e+06
694 17 -1.613142631784066e+06
17 771 -4.762999981630381e+06
771 17 -4.762999981630381e+06
17 772  1.574588062364779e+06
772 17  1.574588062364779e+06
17 845 -4.789521432495215e+06
845 17 -4.789521432495215e+06
17 846  1.583353944115516e+06
846 17  1.583353944115516e+06
17 929 -4.798006774764644e+06
929 17 -4.798006774764644e+06
17 930 -1.586158999931928e+06
930 17 -1.586158999931928e+06
18 18  1.247232192605637e+07
18 161 -4.310073995247832e+03
161 18 -4.310073995247832e+03
18 162 -2.099536266238405e+05
162 18 -2.099536266238405e+05
18 163 -7.591208395239315e+03
163 18 -7.591208395239315e+03
18 164  2.217267199109048e+05
164 18  2.217267199109048e+05
18 211  1.762378844161017e+04
211 18  1.762378844161017e+04
18 212 -2.136690302287894e+05
212 18 -2.136690302287894e+05
18 243 -5.722506051123142e+03
243 18 -5.722506051123142e+03
18 244  1.787242614039872e+05
244 18  1.787242614039872e+05
18 693 -1.613142631784066e+06
693 18 -1.613142631784066e+06
18 694 -3.158996468468095e+06
694 18 -3.158996468468095e+06
18 771  1.574588062364779e+06
771 18  1.574588062364779e+06
18 772 -3.083439381774617e+06
772 18 -3.083439381774617e+06
18 845  1.583353944115516e+06
845 18  1.583353944115516e+06
18 846 -3.100610558771999e+06
846 18 -3.100610558771999e+06
18 929 -1.586158999931928e+06
929 18 -1.586158999931928e+06
18 930 -3.106103841503920e+06
930 18 -3.106103841503920e+06
19 19  9.225584707713868e+06
19 20  1.329739671469231e+05
20 19  1.329739671469231e+05
19 169 -6.830747876615357e+06
169 19 -6.830747876615357e+06
19 170 -7.531263333215413e+04
170 19 -7.531263333215413e+04
19 171  3.091349005403023e+06
171 19  3.091349005403023e+06
19 172 -7.084798290634735e+05
172 19 -7.084798290634735e+05
19 209  3.728291680777741e+06
209 19  3.728291680777741e+06
19 210  7.837924623956282e+05
210 19  7.837924623956282e+05
19 665 -4.312446862619406e+06
665 19 -4.312446862619406e+06
19 666  1.824505686822073e+06
666 19  1.824505686822073e+06
19 745 -4.902030654659870e+06
745 19 -4.902030654659870e+06
19 746 -1.957479653968996e+06
746 19 -1.957479653968996e+06
20 20  7.756671357080273e+06
20 169 -7.531263333215436e+04
169 20 -7.531263333215436e+04
20 170  2.913026689852220e+05
170 20  2.913026689852220e+05
20 171 -4.181316239680699e+04
171 20 -4.181316239680699e+04
20 172 -3.829109895967103e+05
172 20 -3.829109895967103e+05
20 209  1.171257957289612e+05
209 20  1.171257957289612e+05
20 210  8.050113017689437e+04
210 20  8.050113017689437e+04
20 665  1.824505686822073e+06
665 20  1.824505686822073e+06
20 666 -3.791457840985568e+06
666 20 -3.791457840985568e+06
20 745 -1.957479653968996e+06
745 20 -1.957479653968996e+06
20 746 -3.954106325660110e+06
746 20 -3.954106325660110e+06
21 21  7.805129851271555e+06
21 22  3.161205620236672e+04
22 21  3.161205620236672e+04
21 149  4.385679206681801e+06
149 21  4.385679206681801e+06
21 150 -6.802124890652834e+03
150 21 -6.802124890652834e+03
21 197 -2.205941839273563e+06
197 21 -2.205941839273563e+06
21 198  3.464109218802794e+05
198 21  3.464109218802794e+05
21 245 -2.189893557362315e+06
245 21 -2.189893557362315e+06
21 246 -3.396087969896267e+05
246 21 -3.396087969896267e+05
21 729 -3.860285613988485e+06
729 21 -3.860285613988485e+06
21 730  1.641254795112284e+06
730 21  1.641254795112284e+06
21 859 -3.934688047328993e+06
859 21 -3.934688047328993e+06
21 860 -1.672866851314650e+06
860 21 -1.672866851314650e+06
22 22  6.917418695978628e+06
22 149 -6.802124890652369e+03
149 22 -6.802124890652369e+03
22 150 -2.345695122777400e+06
150 22 -2.345695122777400e+06
22 197 -3.202557447863873e+05
197 22 -3.202557447863873e+05
22 198  1.160656324325321e+06
198 22  1.160656324325321e+06
22 245  3.270578696770399e+05
245 22  3.270578696770399e+05
22 246  1.174882608498001e+06
246 22  1.174882608498001e+06
22 729  1.641254795112284e+06
729 22  1.641254795112284e+06
22 730 -3.420663793869124e+06
730 22 -3.420663793869124e+06
22 859 -1.672866851314650e+06
859 22 -1.672866851314650e+06
22 860 -3.486598712155426e+06
860 22 -3.486598712155426e+06
23 23  7.582521598445367e+06
23 24 -1.778392953654565e+04
24 23 -1.778392953654565e+04
23 223  3.865005778471827e+06
223 23  3.865005778471827e+06
23 224  6.006815280775423e+03
224 23  6.006815280775423e+03
23 225 -1.690867277674477e+06
225 23 -1.690867277674477e+06
23 226 -3.431959360589185e+05
226 23 -3.431959360589185e+05
23 315 -2.184202136166655e+06
315 23 -2.184202136166655e+06
23 316  3.371891207781432e+05
316 23  3.371891207781432e+05
23 789 -3.638241329826662e+06
789 23 -3.638241329826662e+06
23 790 -1.654882414481386e+06
790 23 -1.654882414481386e+06
23 967 -3.934216633249402e+06
967 23 -3.934216633249402e+06
23 968  1.672666344017931e+06
968 23  1.672666344017931e+06
24 24  7.134485970583421e+06
24 223  6.006815280775423e+03
223 24  6.006815280775423e+03
24 224 -2.832455593165175e+06
224 24 -2.832455593165175e+06
24 225  3.234707306077480e+05
225 24  3.234707306077480e+05
24 226  1.642466055658857e+06
226 24  1.642466055658857e+06
24 315 -3.294775458885235e+05
315 24 -3.294775458885235e+05
24 316  1.179925902137015e+06
316 24  1.179925902137015e+06
24 789 -1.654882414481386e+06
789 24 -1.654882414481386e+06
24 790 -3.638241329826662e+06
790 24 -3.638241329826662e+06
24 967  1.672666344017931e+06
967 24  1.672666344017931e+06
24 968 -3.486181005387455e+06
968 24 -3.486181005387455e+06
25 25  6.346313197819395e+06
25 26 -2.537582167502260e+03
26 25 -2.537582167502260e+03
25 257 -8.383465896606366e+05
257 25 -8.383465896606366e+05
25 258  3.913889089618572e+05
258 25  3.913889089618572e+05
25 259  1.682484684722027e+06
259 25  1.682484684722027e+06
25 260  8.285485241908464e+03
260 25  8.285485241908464e+03
25 387 -8.549591725422249e+05
387 25 -8.549591725422249e+05
25 388 -3.996743942037659e+05
388 25 -3.996743942037659e+05
25 881 -3.170290290181541e+06
881 25 -3.170290290181541e+06
25 882  1.581251678145101e+06
882 25  1.581251678145101e+06
25 1111 -3.165201830157020e+06
1111 25 -3.165201830157020e+06
25 1112 -1.578714095977599e+06
1112 25 -1.578714095977599e+06
26 26  8.086177927615173e+06
26 257 -2.752777577048095e+05
257 26 -2.752777577048095e+05
26 258  2.587029875586215e+06
258 26  2.587029875586215e+06
26 259  8.285485241908813e+03
259 26  8.285485241908813e+03
26 260 -5.163706290177191e+06
260 26 -5.163706290177191e+06
26 387  2.669922724629008e+05
387 26  2.669922724629008e+05
26 388  2.565855337110141e+06
388 26  2.565855337110141e+06
26 881  1.581251678145101e+06
881 26  1.581251678145101e+06
26 882 -4.040921246461075e+06
882 26 -4.040921246461075e+06
26 1111 -1.578714095977598e+06
1111 26 -1.578714095977598e+06
26 1112 -4.034435603673263e+06
1112 26 -4.034435603673263e+06
27 27  8.396659620943286e+06
27 28 -2.246592125076801e+03
28 27 -2.246592125076801e+03
27 267  7.062308490770648e+05
267 27  7.062308490770648e+05
27 268 -3.240531222890248e+03
268 27 -3.240531222890248e+03
27 269 -3.548589536300611e+05
269 27 -3.548589536300611e+05
27 270  4.502905148868833e+04
270 27  4.502905148868833e+04
27 385 -3.615742355539857e+05
385 27 -3.615742355539857e+05
27 386 -4.178852026579797e+04
386 27 -4.178852026579797e+04
27 835 -4.190897087456573e+06
835 27 -4.190897087456573e+06
27 836 -2.021014526924592e+06
836 27 -2.021014526924592e+06
27 1079 -4.195560193379732e+06
1079 27 -4.195560193379732e+06
27 1080  2.023261119049669e+06
1080 27  2.023261119049669e+06
28 28  9.605394944642194e+06
28 267 -3.240531222890480e+03
267 28 -3.240531222890480e+03
28 268 -6.259661720011832e+06
268 28 -6.259661720011832e+06
28 269  7.116957181553553e+05
269 28  7.116957181553553e+05
28 270  3.128571588776554e+06
270 28  3.128571588776554e+06
28 385 -7.084551869324645e+05
385 28 -7.084551869324645e+05
28 386  3.120887791128297e+06
386 28  3.120887791128297e+06
28 835 -2.021014526924592e+06
835 28 -2.021014526924592e+06
28 836 -4.794929023517624e+06
836 28 -4.794929023517624e+06
28 1079  2.023261119049669e+06
1079 28  2.023261119049669e+06
28 1080 -4.800263581017588e+06
1080 28 -4.800263581017588e+06
29 29  9.646320338736311e+06
29 30 -5.429850820212858e+03
30 29 -5.429850820212858e+03
29 237 -7.548070777564725e+06
237 29 -7.548070777564725e+06
29 238 -7.855994937603013e+03
238 29 -7.855994937603013e+03
29 279  3.778136526418627e+06
279 29  3.778136526418627e+06
29 280  8.037243755850912e+05
280 29  8.037243755850912e+05
29 281  3.758477577712378e+06
281 29  3.758477577712378e+06
29 282 -7.958683806474882e+05
282 29 -7.958683806474882e+05
29 825 -4.810626619870679e+06
825 29 -4.810626619870679e+06
29 826 -1.921005231653780e+06
826 29 -1.921005231653780e+06
29 903 -4.824237045431912e+06
903 29 -4.824237045431912e+06
29 904  1.926435082473993e+06
904 29  1.926435082473993e+06
30 30  7.783168173764231e+06
30 237 -7.855994937603013e+03
237 30 -7.855994937603013e+03
30 238 -2.369896015057729e+05
238 30 -2.369896015057729e+05
30 279  1.370577089184246e+05
279 30  1.370577089184246e+05
30 280  1.206937758107919e+05
280 30  1.206937758107919e+05
30 281 -1.292017139808215e+05
281 30 -1.292017139808215e+05
30 282  1.048391522612616e+05
282 30  1.048391522612616e+05
30 825 -1.921005231653780e+06
825 30 -1.921005231653780e+06
30 826 -3.880365260614264e+06
826 30 -3.880365260614264e+06
30 903  1.926435082473993e+06
903 30  1.926435082473993e+06
30 904 -3.891346239716248e+06
904 30 -3.891346239716248e+06
31 31  8.396709441802545e+06
31 32 -2.222559463407379e+03
32 31 -2.222559463407379e+03
31 291 -3.615742355539857e+05
291 31 -3.615742355539857e+05
31 292 -4.178852026579797e+04
292 31 -4.178852026579797e+04
31 293  7.061647095118756e+05
293 31  7.061647095118756e+05
31 294 -3.272433308998588e+03
294 31 -3.272433308998588e+03
31 401 -3.547927829611117e+05
401 31 -3.547927829611117e+05
31 402  4.506095357479679e+04
402 31  4.506095357479679e+04
31 913 -4.195560193379732e+06
913 31 -4.195560193379732e+06
31 914  2.023261119049669e+06
914 31  2.023261119049669e+06
31 1173 -4.190946939419591e+06
1173 31 -4.190946939419591e+06
31 1174 -2.021038559586261e+06
1174 31 -2.021038559586261e+06
32 32  9.605451948277708e+06
32 291 -7.084551869324645e+05
291 32 -7.084551869324645e+05
32 292  3.120887791128297e+06
292 32  3.120887791128297e+06
32 293 -3.272433308998588e+03
293 32 -3.272433308998588e+03
32 294 -6.259737394332254e+06
294 32 -6.259737394332254e+06
32 401  7.117276202414633e+05
401 32  7.117276202414633e+05
32 402  3.128647294200736e+06
402 32  3.128647294200736e+06
32 913  2.023261119049669e+06
913 32  2.023261119049669e+06
32 914 -4.800263581017588e+06
914 32 -4.800263581017588e+06
32 1173 -2.021038559586261e+06
1173 32 -2.021038559586261e+06
32 1174 -4.794986058256898e+06
1174 32 -4.794986058256898e+06
33 33  6.346313197819395e+06
33 34 -2.537582167502260e+03
34 33 -2.537582167502260e+03
33 301  1.682484684722027e+06
301 33  1.682484684722027e+06
33 302  8.285485241908464e+03
302 33  8.285485241908464e+03
33 303 -8.549591725422249e+05
303 33 -8.549591725422249e+05
33 304 -3.996743942037659e+05
304 33 -3.996743942037659e+05
33 439 -8.383465896606366e+05
439 33 -8.383465896606366e+05
33 440  3.913889089618572e+05
440 33  3.913889089618572e+05
33 945 -3.165201830157020e+06
945 33 -3.165201830157020e+06
33 946 -1.578714095977599e+06
946 33 -1.578714095977599e+06
33 1219 -3.170290290181541e+06
1219 33 -3.170290290181541e+06
33 1220  1.581251678145101e+06
1220 33  1.581251678145101e+06
34 34  8.086177927615173e+06
34 301  8.285485241908813e+03
301 34  8.285485241908813e+03
34 302 -5.163706290177191e+06
302 34 -5.163706290177191e+06
34 303  2.669922724629008e+05
303 34  2.669922724629008e+05
34 304  2.565855337110141e+06
304 34  2.565855337110141e+06
34 439 -2.752777577048095e+05
439 34 -2.752777577048095e+05
34 440  2.587029875586215e+06
440 34  2.587029875586215e+06
34 945 -1.578714095977598e+06
945 34 -1.578714095977598e+06
34 946 -4.034435603673263e+06
946 34 -4.034435603673263e+06
34 1219  1.581251678145101e+06
1219 34  1.581251678145101e+06
34 1220 -4.040921246461075e+06
1220 34 -4.040921246461075e+06
35 35  6.349480826817573e+06
35 36 -2.764720160133648e+04
36 35 -2.764720160133648e+04
35 323  1.584948400827297e+06
323 35  1.584948400827297e+06
35 324  1.886907201863355e+05
324 35  1.886907201863355e+05
35 325 -5.880349833270346e+05
325 35 -5.880349833270346e+05
35 326 -5.817668206244338e+05
326 35 -5.817668206244338e+05
35 487 -1.007158146124306e+06
487 35 -1.007158146124306e+06
35 488  3.930761004380982e+05
488 35  3.930761004380982e+05
35 993 -3.086750085251429e+06
993 35 -3.086750085251429e+06
35 994 -1.575814631447594e+06
994 35 -1.575814631447594e+06
35 1381 -3.252486012942100e+06
1381 35 -3.252486012942100e+06
35 1382  1.603461833048930e+06
1382 35  1.603461833048930e+06
36 36  8.573222896100845e+06
36 323  1.886907201863352e+05
323 36  1.886907201863352e+05
36 324 -5.260618652257020e+06
324 36 -5.260618652257020e+06
36 325  8.489984604223294e+04
325 36  8.489984604223294e+04
36 326  2.867749648287761e+06
326 36  2.867749648287761e+06
36 487 -2.735905662285684e+05
487 36 -2.735905662285684e+05
36 488  2.382624275345216e+06
488 36  2.382624275345216e+06
36 993 -1.575814631447594e+06
993 36 -1.575814631447594e+06
36 994 -4.588934329662682e+06
994 36 -4.588934329662682e+06
36 1381  1.603461833048930e+06
1381 36  1.603461833048930e+06
36 1382 -3.974043837814119e+06
1382 36 -3.974043837814119e+06
37 37  9.187792476504654e+06
37 343  2.867749638201647e+06
343 37  2.867749638201647e+06
37 344  8.490057710676058e+04
344 37  8.490057710676058e+04
37 345 -5.745421973619672e+06
345 37 -5.745421973619672e+06
37 449  2.867749638201647e+06
449 37  2.867749638201647e+06
37 450 -8.490057710676058e+04
450 37 -8.490057710676058e+04
37 1065 -4.588934889644139e+06
1065 37 -4.588934889644139e+06
37 1066 -1.575815401295994e+06
1066 37 -1.575815401295994e+06
37 1311 -4.588934889644139e+06
1311 37 -4.588934889644139e+06
37 1312  1.575815401295994e+06
1312 37  1.575815401295994e+06
38 38  6.183425978993756e+06
38 343 -5.817660895599062e+05
343 38 -5.817660895599062e+05
38 344 -5.880351759297492e+05
344 38 -5.880351759297492e+05
38 346  1.166147654643121e+06
346 38  1.166147654643121e+06
38 449  5.817660895599062e+05
449 38  5.817660895599062e+05
38 450 -5.880351759297492e+05
450 38 -5.880351759297492e+05
38 1065 -1.575815401295994e+06
1065 38 -1.575815401295994e+06
38 1066 -3.086751640888689e+06
1066 38 -3.086751640888689e+06
38 1311  1.575815401295994e+06
1311 38  1.575815401295994e+06
38 1312 -3.086751640888689e+06
1312 38 -3.086751640888689e+06
39 39  1.925430791210434e+07
39 40  4.105313713188283e+04
40 39  4.105313713188283e+04
39 365  7.156044772483137e+06
365 39  7.156044772483137e+06
39 366  1.762378844161029e+04
366 39  1.762378844161029e+04
39 367 -7.202055203465216e+06
367 39 -7.202055203465216e+06
39 368 -6.260715389494086e+03
368 39 -6.260715389494086e+03
39 413  7.160126319233146e+06
413 39  7.160126319233146e+06
39 414 -3.771864656876656e+03
414 39 -3.771864656876656e+03
39 475 -7.137285664084892e+06
475 39 -7.137285664084892e+06
39 476 -7.591208395239664e+03
476 39 -7.591208395239664e+03
39 1095 -4.798006774764644e+06
1095 39 -4.798006774764644e+06
39 1096 -1.586158999931928e+06
1096 39 -1.586158999931928e+06
39 1183 -4.790449437504395e+06
1183 39 -4.790449437504395e+06
39 1184  1.583660432219332e+06
1184 39  1.583660432219332e+06
39 1347 -4.762999981630381e+06
1347 39 -4.762999981630381e+06
39 1348  1.574588062364779e+06
1348 39  1.574588062364779e+06
39 1421 -4.879681942371098e+06
1421 39 -4.879681942371098e+06
39 1422 -1.613142631784066e+06
1422 39 -1.613142631784066e+06
40 40  1.247292111071756e+07
40 365  1.762378844161017e+04
365 40  1.762378844161017e+04
40 366 -2.136690302287894e+05
366 40 -2.136690302287894e+05
40 367 -6.260715389493853e+03
367 40 -6.260715389493853e+03
40 368  1.797792105023025e+05
368 40  1.797792105023025e+05
40 413 -3.771864656877238e+03
413 40 -3.771864656877238e+03
40 414 -2.110066760182432e+05
414 40 -2.110066760182432e+05
40 475 -7.591208395239315e+03
475 40 -7.591208395239315e+03
40 476  2.217267199109048e+05
476 40  2.217267199109048e+05
40 1095 -1.586158999931928e+06
1095 40 -1.586158999931928e+06
40 1096 -3.106103841503920e+06
1096 40 -3.106103841503920e+06
40 1183  1.583660432219332e+06
1183 40  1.583660432219332e+06
40 1184 -3.101211643137109e+06
1184 40 -3.101211643137109e+06
40 1347  1.574588062364779e+06
1347 40  1.574588062364779e+06
40 1348 -3.083439381774617e+06
1348 40 -3.083439381774617e+06
40 1421 -1.613142631784066e+06
1421 40 -1.613142631784066e+06
40 1422 -3.158996468468095e+06
1422 40 -3.158996468468095e+06
41 41  9.665161693990646e+06
41 42  2.100152053438360e+03
42 41  2.100152053438360e+03
41 373 -7.530428998841688e+06
373 41 -7.530428998841688e+06
41 374 -8.167231992294546e+02
374 41 -8.167231992294546e+02
41 375  3.758477577712378e+06
375 41  3.758477577712378e+06
41 376 -7.958683806474882e+05
376 41 -7.958683806474882e+05
41 411  3.760525395587020e+06
411 41  3.760525395587020e+06
41 412  7.966851038467175e+05
412 41  7.966851038467175e+05
41 1069 -4.824237045431912e+06
1069 41 -4.824237045431912e+06
41 1070  1.926435082473993e+06
1070 41  1.926435082473993e+06
41 1155 -4.829498623016445e+06
1155 41 -4.829498623016445e+06
41 1156 -1.928535234527431e+06
1156 41 -1.928535234527431e+06
42 42  7.798363067992318e+06
42 373 -8.167231992293382e+02
373 42 -8.167231992293382e+02
42 374 -2.227566435332545e+05
374 42 -2.227566435332545e+05
42 375 -1.292017139808215e+05
375 42 -1.292017139808215e+05
42 376  1.048391522612616e+05
376 42  1.048391522612616e+05
42 411  1.300184371800509e+05
411 42  1.300184371800509e+05
42 412  1.064914657297030e+05
412 42  1.064914657297030e+05
42 1069  1.926435082473993e+06
1069 42  1.926435082473993e+06
42 1070 -3.891346239716248e+06
1070 42 -3.891346239716248e+06
42 1155 -1.928535234527431e+06
1155 42 -1.928535234527431e+06
42 1156 -3.895590802733781e+06
1156 42 -3.895590802733781e+06
43 43  7.582521598445367e+06
43 44 -1.778392953654565e+04
44 43 -1.778392953654565e+04
43 353  3.865005778471827e+06
353 43  3.865005778471827e+06
43 354  6.006815280775423e+03
354 43  6.006815280775423e+03
43 399 -2.184202136166655e+06
399 43 -2.184202136166655e+06
43 400  3.371891207781432e+05
400 43  3.371891207781432e+05
43 477 -1.690867277674477e+06
477 43 -1.690867277674477e+06
43 478 -3.431959360589185e+05
478 43 -3.431959360589185e+05
43 1133 -3.934216633249402e+06
1133 43 -3.934216633249402e+06
43 1134  1.672666344017931e+06
1134 43  1.672666344017931e+06
43 1365 -3.638241329826662e+06
1365 43 -3.638241329826662e+06
43 1366 -1.654882414481386e+06
1366 43 -1.654882414481386e+06
44 44  7.134485970583421e+06
44 353  6.006815280775423e+03
353 44  6.006815280775423e+03
44 354 -2.832455593165175e+06
354 44 -2.832455593165175e+06
44 399 -3.294775458885235e+05
399 44 -3.294775458885235e+05
44 400  1.179925902137015e+06
400 44  1.179925902137015e+06
44 477  3.234707306077480e+05
477 44  3.234707306077480e+05
44 478  1.642466055658857e+06
478 44  1.642466055658857e+06
44 1133  1.672666344017931e+06
1133 44  1.672666344017931e+06
44 1134 -3.486181005387455e+06
1134 44 -3.486181005387455e+06
44 1365 -1.654882414481386e+06
1365 44 -1.654882414481386e+06
44 1366 -3.638241329826662e+06
1366 44 -3.638241329826662e+06
45 45  7.805121157349803e+06
45 46  3.160835741492151e+04
46 45  3.160835741492151e+04
45 425  4.385682619419038e+06
425 45  4.385682619419038e+06
45 426 -6.800671426033019e+03
426 45 -6.800671426033019e+03
45 427 -2.189896981861182e+06
427 45 -2.189896981861182e+06
45 428 -3.396102504542465e+05
428 45 -3.396102504542465e+05
45 501 -2.205941839273563e+06
501 45 -2.205941839273563e+06
45 502  3.464109218802794e+05
502 45  3.464109218802794e+05
45 1197 -3.934679341645612e+06
1197 45 -3.934679341645612e+06
45 1198 -1.672863152527205e+06
1198 45 -1.672863152527205e+06
45 1457 -3.860285613988485e+06
1457 45 -3.860285613988485e+06
45 1458  1.641254795112284e+06
1458 45  1.641254795112284e+06
46 46  6.917410992803513e+06
46 425 -6.800671426032903e+03
425 46 -6.800671426032903e+03
46 426 -2.345692099361042e+06
426 46 -2.345692099361042e+06
46 427  3.270564162124202e+05
427 46  3.270564162124202e+05
46 428  1.174879573320016e+06
428 46  1.174879573320016e+06
46 501 -3.202557447863873e+05
501 46 -3.202557447863873e+05
46 502  1.160656324325321e+06
502 46  1.160656324325321e+06
46 1197 -1.672863152527205e+06
1197 46 -1.672863152527205e+06
46 1198 -3.486590997218682e+06
1198 46 -3.486590997218682e+06
46 1457  1.641254795112284e+06
1457 46  1.641254795112284e+06
46 1458 -3.420663793869124e+06
1458 46 -3.420663793869124e+06
47 47  6.518277231315051e+06
47 48  3.991583564212103e+04
48 47  3.991583564212103e+04
47 441  2.056993643958133e+06
441 47  2.056993643958133e+06
47 442 -1.860240133655791e+05
442 47 -1.860240133655791e+05
47 467 -5.880349833270346e+05
467 47 -5.880349833270346e+05
47 468  5.817668206244338e+05
468 47  5.817668206244338e+05
47 489 -1.479081897825764e+06
489 47 -1.479081897825764e+06
47 490 -3.957428072588547e+05
490 47 -3.957428072588547e+05
47 1239 -3.086750085251429e+06
1239 47 -3.086750085251429e+06
47 1240  1.575814631447594e+06
1240 47  1.575814631447594e+06
47 1439 -3.421403908868956e+06
1439 47 -3.421403908868956e+06
47 1440 -1.615730467089715e+06
1440 47 -1.615730467089715e+06
48 48  8.310427389909370e+06
48 441 -1.860240133655788e+05
441 48 -1.860240133655788e+05
48 442 -4.734316906473005e+06
442 48 -4.734316906473005e+06
48 467 -8.489984604223294e+04
467 48 -8.489984604223294e+04
48 468  2.867749648287761e+06
468 48  2.867749648287761e+06
48 489  2.709238594078119e+05
489 48  2.709238594078119e+05
48 490  1.856444020990578e+06
490 48  1.856444020990578e+06
48 1239  1.575814631447594e+06
1239 48  1.575814631447594e+06
48 1240 -4.588934329662682e+06
1240 48 -4.588934329662682e+06
48 1439 -1.615730467089715e+06
1439 48 -1.615730467089715e+06
48 1440 -3.711369823052021e+06
1440 48 -3.711369823052021e+06
49 49  1.358197794482034e+07
49 50 -7.261100227679941e+04
50 49 -7.261100227679941e+04
49 51  2.311307348699965e+06
51 49  2.311307348699965e+06
49 52 -8.619863827134855e+04
52 49 -8.619863827134855e+04
49 97 -3.544808238507510e+06
97 49 -3.544808238507510e+06
49 98 -1.730285253393593e+06
98 49 -1.730285253393593e+06
49 185 -3.749648622715064e+06
185 49 -3.749648622715064e+06
49 186  1.716798000559146e+06
186 49  1.716798000559146e+06
49 503 -1.320133286191710e+06
503 49 -1.320133286191710e+06
49 504  5.190478211921285e+05
504 49  5.190478211921285e+05
49 505 -3.142682362070356e+06
505 49 -3.142682362070356e+06
49 506  1.596013312209088e+06
506 49  1.596013312209088e+06
49 709 -3.124088004145384e+06
709 49 -3.124088004145384e+06
49 710 -1.509915057097842e+06
710 49 -1.509915057097842e+06
49 711 -2.947077892571459e+06
711 49 -2.947077892571459e+06
49 712 -2.314872407632399e+05
712 49 -2.314872407632399e+05
50 50  1.601185409229844e+07
50 51 -8.619863827134809e+04
51 50 -8.619863827134809e+04
50 52 -4.390835242871807e+06
52 50 -4.390835242871807e+06
50 97 -1.730285253393593e+06
97 50 -1.730285253393593e+06
50 98 -4.197324049881760e+06
98 50 -4.197324049881760e+06
50 185  1.716798000559146e+06
185 50  1.716798000559146e+06
50 186 -3.800075391067096e+06
186 50 -3.800075391067096e+06
50 503  5.190478211921279e+05
503 50  5.190478211921279e+05
50 504  5.552683787600864e+06
504 50  5.552683787600864e+06
50 505  1.596013312209088e+06
505 50  1.596013312209088e+06
50 506 -4.398995557996904e+06
506 50 -4.398995557996904e+06
50 709 -1.509915057097842e+06
709 50 -1.509915057097842e+06
50 710 -3.594708375970650e+06
710 50 -3.594708375970650e+06
50 711 -2.314872407632396e+05
711 50 -2.314872407632396e+05
50 712  3.709317809967760e+06
712 50  3.709317809967760e+06
51 51  1.393309201484869e+07
51 52 -3.189175913183757e+05
52 51 -3.189175913183757e+05
51 53  2.732072355118171e+06
53 51  2.732072355118171e+06
51 54  5.773819183095940e+03
54 51  5.773819183095940e+03
51 503 -3.619099085956570e+06
503 51 -3.619099085956570e+06
51 504 -1.699617236285934e+06
504 51 -1.699617236285934e+06
51 505 -2.159195164156288e+06
505 51 -2.159195164156288e+06
51 506  5.051709160111231e+05
506 51  5.051709160111231e+05
51 507 -3.285792940741185e+06
507 51 -3.285792940741185e+06
51 508  1.629987069689252e+06
508 51  1.629987069689252e+06
51 707 -2.911822317681953e+06
707 51 -2.911822317681953e+06
51 708 -1.432210617607786e+06
708 51 -1.432210617607786e+06
51 709 -2.904604091877313e+06
709 51 -2.904604091877313e+06
51 710 -4.247460969228710e+05
710 51 -4.247460969228710e+05
51 711 -4.095958118253516e+06
711 51 -4.095958118253516e+06
51 712  1.820758375522844e+06
712 51  1.820758375522844e+06
52 52  1.544848390595792e+07
52 53  5.773819183096057e+03
53 52  5.773819183096057e+03
52 54 -3.878838587547907e+06
54 52 -3.878838587547907e+06
52 503 -1.699617236285934e+06
503 52 -1.699617236285934e+06
52 504 -3.875320775763657e+06
504 52 -3.875320775763657e+06
52 505  5.051709160111236e+05
505 52  5.051709160111236e+05
52 506  4.533274555585536e+06
506 52  4.533274555585536e+06
52 507  1.629987069689252e+06
507 52  1.629987069689252e+06
52 508 -4.103131417896137e+06
508 52 -4.103131417896137e+06
52 707 -1.432210617607786e+06
707 52 -1.432210617607786e+06
52 708 -3.529878862581876e+06
708 52 -3.529878862581876e+06
52 709 -4.247460969228707e+05
709 52 -4.247460969228707e+05
52 710  3.715979722618710e+06
710 52  3.715979722618710e+06
52 711  1.820758375522844e+06
711 52  1.820758375522844e+06
52 712 -3.919733297500788e+06
712 52 -3.919733297500788e+06
53 53  1.452784546118116e+07
53 54 -4.794143354946747e+05
54 53 -4.794143354946747e+05
53 55  3.256654982434646e+06
55 53  3.256654982434646e+06
53 56  4.330593413566553e+04
56 53  4.330593413566553e+04
53 505 -3.757713881537926e+06
505 53 -3.757713881537926e+06
53 506 -1.665860154164574e+06
506 53 -1.665860154164574e+06
53 507 -3.159672850714976e+06
507 53 -3.159672850714976e+06
53 508  4.990472596452521e+05
508 53  4.990472596452521e+05
53 509 -3.526104079466882e+06
509 53 -3.526104079466882e+06
53 510  1.668635767330579e+06
510 53  1.668635767330579e+06
53 677 -2.860681693366606e+06
677 53 -2.860681693366606e+06
53 678 -1.417224826385816e+06
678 53 -1.417224826385816e+06
53 707 -2.849161175525656e+06
707 53 -2.849161175525656e+06
53 708 -5.481270129640137e+05
708 53 -5.481270129640137e+05
53 709 -4.363239118121934e+06
709 53 -4.363239118121934e+06
53 710  1.893863548714485e+06
710 53  1.893863548714485e+06
54 54  1.499826292141207e+07
54 55  4.330593413566519e+04
55 54  4.330593413566519e+04
54 56 -3.332803418752567e+06
56 54 -3.332803418752567e+06
54 505 -1.665860154164574e+06
505 54 -1.665860154164574e+06
54 506 -3.577756463781415e+06
506 54 -3.577756463781415e+06
54 507  4.990472596452521e+05
507 54  4.990472596452521e+05
54 508  3.452468858066570e+06
508 54  3.452468858066570e+06
54 509  1.668635767330579e+06
509 54  1.668635767330579e+06
54 510 -3.844194194399411e+06
510 54 -3.844194194399411e+06
54 677 -1.417224826385816e+06
677 54 -1.417224826385816e+06
54 678 -3.553772321305662e+06
678 54 -3.553772321305662e+06
54 707 -5.481270129640133e+05
707 54 -5.481270129640133e+05
54 708  3.739066459546088e+06
708 54  3.739066459546088e+06
54 709  1.893863548714486e+06
709 54  1.893863548714486e+06
54 710 -4.002433253237772e+06
710 54 -4.002433253237772e+06
55 55  1.539368328351162e+07
55 56 -4.985418093130151e+05
56 55 -4.985418093130151e+05
55 57 -3.920307704736207e+06
57 55 -3.920307704736207e+06
55 58  1.714679746640866e+06
58 55  1.714679746640866e+06
55 183 -3.044108894259984e+06
183 55 -3.044108894259984e+06
55 184 -1.488300620104869e+06
184 55 -1.488300620104869e+06
55 507 -3.992056838485170e+06
507 55 -3.992056838485170e+06
55 508 -1.627497587394979e+06
508 55 -1.627497587394979e+06
55 509 -4.409562372182647e+06
509 55 -4.409562372182647e+06
55 510  5.049026184082790e+05
510 55  5.049026184082790e+05
55 677 -2.925111197550221e+06
677 55 -2.925111197550221e+06
55 678 -5.482125526865536e+05
678 55 -5.482125526865536e+05
55 707 -4.417291273192924e+06
707 55 -4.417291273192924e+06
55 708  1.899660270171997e+06
708 55  1.899660270171997e+06
56 56  1.459067725490189e+07
56 57  1.714679746640866e+06
57 56  1.714679746640866e+06
56 58 -3.643698631481344e+06
58 56 -3.643698631481344e+06
56 183 -1.488300620104869e+06
183 56 -1.488300620104869e+06
56 184 -3.621438183320401e+06
184 56 -3.621438183320401e+06
56 507 -1.627497587394979e+06
507 56 -1.627497587394979e+06
56 508 -3.316542105653424e+06
508 56 -3.316542105653424e+06
56 509  5.049026184082790e+05
509 56  5.049026184082790e+05
56 510  2.276798443618011e+06
510 56  2.276798443618011e+06
56 677 -5.482125526865543e+05
677 56 -5.482125526865543e+05
56 678  3.659645122864936e+06
678 56  3.659645122864936e+06
56 707  1.899660270171997e+06
707 56  1.899660270171997e+06
56 708 -3.989079761609392e+06
708 56 -3.989079761609392e+06
57 57  8.702298686884511e+06
57 58 -4.031703422965428e+05
58 57 -4.031703422965428e+05
57 59 -2.405270191087599e+06
59 57 -2.405270191087599e+06
57 60  4.111020957834820e+05
60 57  4.111020957834820e+05
57 509  4.950029564713512e+06
509 57  4.950029564713512e+06
57 510 -1.000185298781899e+06
510 57 -1.000185298781899e+06
57 517 -4.770723780584156e+06
517 57 -4.770723780584156e+06
57 518 -1.311509404344323e+06
518 57 -1.311509404344323e+06
58 58  6.302856636641977e+06
58 59  1.077768762450149e+06
59 58  1.077768762450149e+06
58 60  6.779755169458385e+05
60 58  6.779755169458385e+05
