1 1  1.000000000000000e+36
1 2 -8.148148197037231e+01
2 1 -8.148148197037231e+01
1 3  8.148148197037196e+01
3 1  8.148148197037196e+01
1 4  1.703703697481552e+02
4 1  1.703703697481552e+02
1 5 -2.664535259100376e-14
5 1 -2.664535259100376e-14
1 6  1.851851870370352e+01
6 1  1.851851870370352e+01
1 10  2.148147929777906e+02
10 1  2.148147929777906e+02
1 11  1.026401186265957e-13
11 1  1.026401186265957e-13
1 12 -2.965475087712832e-13
12 1 -2.965475087712832e-13
1 13  1.370370283259329e+02
13 1  1.370370283259329e+02
1 14 -7.407407333334040e+00
14 1 -7.407407333334040e+00
1 15 -1.185188251984215e-07
15 1 -1.185188251984215e-07
1 100  1.703703697481548e+02
100 1  1.703703697481548e+02
1 101 -1.851851870370351e+01
101 1 -1.851851870370351e+01
1 102  7.627232179174825e-14
102 1  7.627232179174825e-14
1 103  1.148148168148187e+02
103 1  1.148148168148187e+02
1 104  1.185185256602495e-07
104 1  1.185185256602495e-07
1 105 -1.185185150021084e-07
105 1 -1.185185150021084e-07
1 109  1.370370283259326e+02
109 1  1.370370283259326e+02
1 110  1.185186546681649e-07
110 1  1.185186546681649e-07
1 111  7.407407333333862e+00
111 1  7.407407333333862e+00
1 112  5.555555355555798e+01
112 1  5.555555355555798e+01
1 113  1.851851870370361e+01
113 1  1.851851870370361e+01
1 114 -1.851851870370371e+01
114 1 -1.851851870370371e+01
1 298 -1.851851473185296e+02
298 1 -1.851851473185296e+02
1 299  2.962962992592569e+01
299 1  2.962962992592569e+01
1 300  1.481481496296274e+01
300 1  1.481481496296274e+01
1 301  2.962961647407531e+01
301 1  2.962961647407531e+01
1 302 -2.962963004444441e+01
302 1 -2.962963004444441e+01
1 303  6.666666727407372e+01
303 1  6.666666727407372e+01
1 304 -5.925923271111628e+01
304 1 -5.925923271111628e+01
1 305 -2.962963004444443e+01
305 1 -2.962963004444443e+01
1 306  2.962963004444452e+01
306 1  2.962963004444452e+01
1 307 -9.629629920000298e+01
307 1 -9.629629920000298e+01
1 308  2.962962992592587e+01
308 1  2.962962992592587e+01
1 309 -4.444444477037083e+01
309 1 -4.444444477037083e+01
1 310 -1.481481730074105e+02
310 1 -1.481481730074105e+02
1 311  5.925925961481590e+01
311 1  5.925925961481590e+01
1 312  2.222222226666764e+01
312 1  2.222222226666764e+01
1 313 -1.851851473185303e+02
313 1 -1.851851473185303e+02
1 314 -1.481481496296260e+01
314 1 -1.481481496296260e+01
1 315 -2.962962992592552e+01
315 1 -2.962962992592552e+01
1 316 -5.185187386666688e+01
316 1 -5.185187386666688e+01
1 317 -1.481481496296280e+01
317 1 -1.481481496296280e+01
1 318 -4.444444477037047e+01
318 1 -4.444444477037047e+01
1 319 -3.703702923852115e+02
319 1 -3.703702923852115e+02
1 320  5.925925961481579e+01
320 1  5.925925961481579e+01
1 321 -5.925925961481527e+01
321 1 -5.925925961481527e+01
1 322 -9.629629920000291e+01
322 1 -9.629629920000291e+01
1 323  4.444444477037076e+01
323 1  4.444444477037076e+01
1 324 -2.962962992592594e+01
324 1 -2.962962992592594e+01
1 325 -1.481481730074101e+02
325 1 -1.481481730074101e+02
1 326 -2.222222226666790e+01
326 1 -2.222222226666790e+01
1 327 -5.925925961481625e+01
327 1 -5.925925961481625e+01
1 328  2.962961647407533e+01
328 1  2.962961647407533e+01
1 329 -6.666666727407367e+01
329 1 -6.666666727407367e+01
1 330  2.962963004444446e+01
330 1  2.962963004444446e+01
1 331 -5.185187386666669e+01
331 1 -5.185187386666669e+01
1 332  4.444444477037080e+01
332 1  4.444444477037080e+01
1 333  1.481481496296312e+01
333 1  1.481481496296312e+01
2 2  1.000000000000000e+36
2 3 -8.148150103703885e+01
3 2 -8.148150103703885e+01
2 4 -2.897682094271659e-14
4 2 -2.897682094271659e-14
2 5  2.148148518222291e+02
5 2  2.148148518222291e+02
2 6  3.462230502293551e-13
6 2  3.462230502293551e-13
2 10  1.030286966852145e-13
10 2  1.030286966852145e-13
2 11  1.703703861037085e+02
11 2  1.703703861037085e+02
2 12 -1.851852296296272e+01
12 2 -1.851852296296272e+01
2 13 -7.407407333334040e+00
13 2 -7.407407333334040e+00
2 14  1.370370555851894e+02
14 2  1.370370555851894e+02
2 15  4.005684672847565e-13
15 2  4.005684672847565e-13
2 100 -1.851851870370352e+01
100 2 -1.851851870370352e+01
2 101  1.703703969481518e+02
101 2  1.703703969481518e+02
2 102  6.417089082333405e-14
102 2  6.417089082333405e-14
2 103  1.185185271035394e-07
103 2  1.185185271035394e-07
2 104  1.370370614074111e+02
104 2  1.370370614074111e+02
2 105 -7.407409185185495e+00
105 2 -7.407409185185495e+00
2 109  1.185186491170498e-07
109 2  1.185186491170498e-07
2 110  1.148148280888912e+02
110 2  1.148148280888912e+02
2 111  2.824407374646398e-13
111 2  2.824407374646398e-13
2 112  1.851851870370361e+01
112 2  1.851851870370361e+01
2 113  5.555556377777912e+01
113 2  5.555556377777912e+01
2 114  1.851852296296325e+01
114 2  1.851852296296325e+01
2 298  2.962962992592569e+01
298 2  2.962962992592569e+01
2 299 -9.629629197037326e+01
299 2 -9.629629197037326e+01
2 300  4.444445511111159e+01
300 2  4.444445511111159e+01
2 301 -2.962963004444441e+01
301 2 -2.962963004444441e+01
2 302 -5.925927999999998e+01
302 2 -5.925927999999998e+01
2 303 -2.962963674074107e+01
303 2 -2.962963674074107e+01
2 304 -2.962963004444443e+01
304 2 -2.962963004444443e+01
2 305  2.962965013333084e+01
305 2  2.962965013333084e+01
2 306 -6.666668266666677e+01
306 2 -6.666668266666677e+01
2 307  2.962962992592587e+01
307 2  2.962962992592587e+01
2 308 -1.851852226963003e+02
308 2 -1.851852226963003e+02
2 309 -1.481481837037046e+01
309 2 -1.481481837037046e+01
2 310  5.925925961481590e+01
310 2  5.925925961481590e+01
2 311 -3.703704543111205e+02
311 2 -3.703704543111205e+02
2 312  5.925927348148257e+01
312 2  5.925927348148257e+01
2 313 -1.481481496296260e+01
313 2 -1.481481496296260e+01
2 314 -5.185183745185707e+01
314 2 -5.185183745185707e+01
2 315  4.444445511111131e+01
315 2  4.444445511111131e+01
2 316 -1.481481496296280e+01
316 2 -1.481481496296280e+01
2 317 -1.851852317925947e+02
317 2 -1.851852317925947e+02
2 318  2.962963674074039e+01
318 2  2.962963674074039e+01
2 319  5.925925961481578e+01
319 2  5.925925961481578e+01
2 320 -1.481481272888960e+02
320 2 -1.481481272888960e+02
2 321 -2.222222755555707e+01
321 2 -2.222222755555707e+01
2 322  4.444444477037075e+01
322 2  4.444444477037075e+01
2 323 -5.185185795555847e+01
323 2 -5.185185795555847e+01
2 324 -1.481481837037052e+01
324 2 -1.481481837037052e+01
2 325 -2.222222226666790e+01
325 2 -2.222222226666790e+01
2 326 -1.481481793481499e+02
326 2 -1.481481793481499e+02
2 327  5.925927348148301e+01
327 2  5.925927348148301e+01
2 328 -6.666666727407367e+01
328 2 -6.666666727407367e+01
2 329  2.962962974814786e+01
329 2  2.962962974814786e+01
2 330 -2.962963674074101e+01
330 2 -2.962963674074101e+01
2 331  4.444444477037080e+01
331 2  4.444444477037080e+01
2 332 -9.629632204444381e+01
332 2 -9.629632204444381e+01
2 333  2.962963674074075e+01
333 2  2.962963674074075e+01
3 3  1.000000000000000e+36
3 4  1.851851870370352e+01
4 3  1.851851870370352e+01
3 5  3.455569164145800e-13
5 3  3.455569164145800e-13
3 6  1.703703969481521e+02
6 3  1.703703969481521e+02
3 10 -2.963185252724543e-13
10 3 -2.963185252724543e-13
3 11 -1.851852296296272e+01
11 3 -1.851852296296272e+01
3 12  1.703703861037080e+02
12 3  1.703703861037080e+02
3 13 -1.185188214236632e-07
13 3 -1.185188214236632e-07
3 14  3.996802888650564e-13
14 3  3.996802888650564e-13
3 15  1.148148280888912e+02
15 3  1.148148280888912e+02
3 100  7.549516567451064e-14
100 3  7.549516567451064e-14
3 101  6.794564910705958e-14
101 3  6.794564910705958e-14
3 102  2.148148518222278e+02
102 3  2.148148518222278e+02
3 103 -1.185185150021084e-07
103 3 -1.185185150021084e-07
3 104 -7.407409185185484e+00
104 3 -7.407409185185484e+00
3 105  1.370370614074108e+02
105 3  1.370370614074108e+02
3 109  7.407407333333870e+00
109 3  7.407407333333870e+00
3 110  2.815525590449397e-13
110 3  2.815525590449397e-13
3 111  1.370370555851886e+02
111 3  1.370370555851886e+02
3 112 -1.851851870370371e+01
112 3 -1.851851870370371e+01
3 113  1.851852296296325e+01
113 3  1.851852296296325e+01
3 114  5.555556377777874e+01
114 3  5.555556377777874e+01
3 298  1.481481496296273e+01
298 3  1.481481496296273e+01
3 299  4.444445511111159e+01
299 3  4.444445511111159e+01
3 300 -5.185183745185542e+01
300 3 -5.185183745185542e+01
3 301  6.666666727407372e+01
301 3  6.666666727407372e+01
3 302 -2.962963674074106e+01
302 3 -2.962963674074106e+01
3 303  2.962962974814831e+01
303 3  2.962962974814831e+01
3 304  2.962963004444451e+01
304 3  2.962963004444451e+01
3 305 -6.666668266666676e+01
305 3 -6.666668266666676e+01
3 306  2.962965013333122e+01
306 3  2.962965013333122e+01
3 307 -4.444444477037083e+01
307 3 -4.444444477037083e+01
3 308 -1.481481837037047e+01
308 3 -1.481481837037047e+01
3 309 -5.185185795555868e+01
309 3 -5.185185795555868e+01
3 310  2.222222226666764e+01
310 3  2.222222226666764e+01
3 311  5.925927348148256e+01
311 3  5.925927348148256e+01
3 312 -1.481481793481509e+02
312 3 -1.481481793481509e+02
3 313 -2.962962992592552e+01
313 3 -2.962962992592552e+01
3 314  4.444445511111130e+01
314 3  4.444445511111130e+01
3 315 -9.629629197037352e+01
315 3 -9.629629197037352e+01
3 316 -4.444444477037047e+01
316 3 -4.444444477037047e+01
3 317  2.962963674074038e+01
317 3  2.962963674074038e+01
3 318 -9.629632204444390e+01
318 3 -9.629632204444390e+01
3 319 -5.925925961481526e+01
319 3 -5.925925961481526e+01
3 320 -2.222222755555707e+01
320 3 -2.222222755555707e+01
3 321 -1.481481272888954e+02
321 3 -1.481481272888954e+02
3 322 -2.962962992592594e+01
322 3 -2.962962992592594e+01
3 323 -1.481481837037052e+01
323 3 -1.481481837037052e+01
3 324 -1.851852226963001e+02
324 3 -1.851852226963001e+02
3 325 -5.925925961481627e+01
325 3 -5.925925961481627e+01
3 326  5.925927348148301e+01
326 3  5.925927348148301e+01
3 327 -3.703704543111197e+02
327 3 -3.703704543111197e+02
3 328  2.962963004444446e+01
328 3  2.962963004444446e+01
3 329 -2.962963674074101e+01
329 3 -2.962963674074101e+01
3 330 -5.925927999999980e+01
330 3 -5.925927999999980e+01
3 331  1.481481496296312e+01
331 3  1.481481496296312e+01
3 332  2.962963674074076e+01
332 3  2.962963674074076e+01
3 333 -1.851852317925937e+02
333 3 -1.851852317925937e+02
4 4  1.000000000000000e+36
4 5 -1.278976924368180e-13
5 4 -1.278976924368180e-13
4 6  1.629629652444478e+02
6 4  1.629629652444478e+02
4 7  1.703703697481552e+02
7 4  1.703703697481552e+02
4 8 -8.348877145181177e-14
8 4 -8.348877145181177e-14
4 9  1.851851870370352e+01
9 4  1.851851870370352e+01
4 10  1.370370283259328e+02
10 4  1.370370283259328e+02
4 11  7.407407333333956e+00
11 4  7.407407333333956e+00
4 12  1.185184724875055e-07
12 4  1.185184724875055e-07
4 13  4.296295896296542e+02
13 4  4.296295896296542e+02
4 14 -1.416644579421700e-13
14 4 -1.416644579421700e-13
4 15 -5.434194760844946e-13
15 4 -5.434194760844946e-13
4 16  1.370370283259330e+02
16 4  1.370370283259330e+02
4 17 -7.407407333334055e+00
17 4 -7.407407333334055e+00
4 18  1.185181943696989e-07
18 4  1.185181943696989e-07
4 100  1.148148168148190e+02
100 4  1.148148168148190e+02
4 101 -1.185185262153610e-07
101 4 -1.185185262153610e-07
4 102  1.185184894669788e-07
102 4  1.185184894669788e-07
4 103  3.407407419851986e+02
103 4  3.407407419851986e+02
4 104 -2.486899575160351e-14
104 4 -2.486899575160351e-14
4 105 -4.052314039881821e-15
105 4 -4.052314039881821e-15
4 106  1.148148168148188e+02
106 4  1.148148168148188e+02
4 107  1.185185150021084e-07
107 4  1.185185150021084e-07
4 108  1.185185070085026e-07
108 4  1.185185070085026e-07
4 109  5.555555355555813e+01
109 4  5.555555355555813e+01
4 110 -1.851851870370357e+01
110 4 -1.851851870370357e+01
4 111 -1.851851870370358e+01
111 4 -1.851851870370358e+01
4 112  2.740740594963094e+02
112 4  2.740740594963094e+02
4 113  7.003425617213566e-14
113 4  7.003425617213566e-14
4 114  1.481481525926029e+01
114 4  1.481481525926029e+01
4 115  5.555555355555799e+01
115 4  5.555555355555799e+01
4 116  1.851851870370362e+01
116 4  1.851851870370362e+01
4 117 -1.851851870370373e+01
117 4 -1.851851870370373e+01
4 298 -5.925923259259776e+01
298 4 -5.925923259259776e+01
4 299  2.962963004444441e+01
299 4  2.962963004444441e+01
4 300  2.962962980740739e+01
300 4  2.962962980740739e+01
4 301  2.962961623703809e+01
301 4  2.962961623703809e+01
4 302  2.962963004444440e+01
302 4  2.962963004444440e+01
4 303  6.666666739259209e+01
303 4  6.666666739259209e+01
4 304 -3.703702979555775e+02
304 4 -3.703702979555775e+02
4 305 -3.552713678800501e-14
305 4 -3.552713678800501e-14
4 306  2.962962992592565e+01
306 4  2.962962992592565e+01
4 307 -9.629629955555895e+01
307 4 -9.629629955555895e+01
4 308 -2.962962992592593e+01
308 4 -2.962962992592593e+01
4 309 -4.444444500740774e+01
309 4 -4.444444500740774e+01
4 310 -1.481481725333365e+02
310 4 -1.481481725333365e+02
4 311 -5.925925961481590e+01
311 4 -5.925925961481590e+01
4 312  2.222222262222343e+01
312 4  2.222222262222343e+01
4 313 -7.407405914074573e+02
313 4 -7.407405914074573e+02
4 314  2.913225216616411e-13
314 4  2.913225216616411e-13
4 315 -1.185185201777789e+02
315 4 -1.185185201777789e+02
4 316 -5.185187445925924e+01
316 4 -5.185187445925924e+01
4 317  1.481481496296263e+01
317 4  1.481481496296263e+01
4 318 -4.444444500740779e+01
318 4 -4.444444500740779e+01
4 319 -1.851851467259379e+02
319 4 -1.851851467259379e+02
4 320  1.481481496296282e+01
320 4  1.481481496296282e+01
4 321 -2.962962992592582e+01
321 4 -2.962962992592582e+01
4 322 -2.962963488592654e+02
322 4 -2.962963488592654e+02
4 323  6.750155989720952e-14
323 4  6.750155989720952e-14
4 324 -1.185185201777802e+02
324 4 -1.185185201777802e+02
4 325 -9.629629837037376e+01
325 4 -9.629629837037376e+01
4 326 -4.444444477037070e+01
326 4 -4.444444477037070e+01
4 327 -2.962962992592594e+01
327 4 -2.962962992592594e+01
4 328 -1.037037491555557e+02
328 4 -1.037037491555557e+02
4 329 -7.815970093361102e-14
329 4 -7.815970093361102e-14
4 330  2.962962992592581e+01
330 4  2.962962992592581e+01
4 331  2.962961635555687e+01
331 4  2.962961635555687e+01
4 332  6.666666727407362e+01
332 4  6.666666727407362e+01
4 333  2.962962980740745e+01
333 4  2.962962980740745e+01
4 334  2.962961623703821e+01
334 4  2.962961623703821e+01
4 335 -2.962963004444440e+01
335 4 -2.962963004444440e+01
4 336  6.666666739259222e+01
336 4  6.666666739259222e+01
4 337 -5.925923259259775e+01
337 4 -5.925923259259775e+01
4 338 -2.962963004444443e+01
338 4 -2.962963004444443e+01
4 339  2.962962980740749e+01
339 4  2.962962980740749e+01
4 340 -9.629629955555860e+01
340 4 -9.629629955555860e+01
4 341  2.962962992592591e+01
341 4  2.962962992592591e+01
4 342 -4.444444500740786e+01
342 4 -4.444444500740786e+01
4 343 -1.481481725333367e+02
343 4 -1.481481725333367e+02
4 344  5.925925961481604e+01
344 4  5.925925961481604e+01
4 345  2.222222262222313e+01
345 4  2.222222262222313e+01
4 346 -1.851851467259377e+02
346 4 -1.851851467259377e+02
4 347 -1.481481496296259e+01
347 4 -1.481481496296259e+01
4 348 -2.962962992592553e+01
348 4 -2.962962992592553e+01
4 349 -5.185187445925945e+01
349 4 -5.185187445925945e+01
4 350 -1.481481496296279e+01
350 4 -1.481481496296279e+01
4 351 -4.444444500740750e+01
351 4 -4.444444500740750e+01
4 352 -9.629629837037335e+01
352 4 -9.629629837037335e+01
4 353  4.444444477037079e+01
353 4  4.444444477037079e+01
4 354 -2.962962992592592e+01
354 4 -2.962962992592592e+01
4 355  2.962961635555696e+01
355 4  2.962961635555696e+01
4 356 -6.666666727407367e+01
356 4 -6.666666727407367e+01
4 357  2.962962980740745e+01
357 4  2.962962980740745e+01
5 5  1.000000000000000e+36
5 6  7.815970093361102e-13
6 5  7.815970093361102e-13
5 7 -8.582023980352460e-14
7 5 -8.582023980352460e-14
5 8  2.148148518222291e+02
8 5  2.148148518222291e+02
5 9  3.378963775446664e-13
9 5  3.378963775446664e-13
5 10  7.407407333333957e+00
10 5  7.407407333333957e+00
5 11  1.370370555851893e+02
11 5  1.370370555851893e+02
5 12  3.489430966396867e-13
12 5  3.489430966396867e-13
5 13 -1.438849039914203e-13
13 5 -1.438849039914203e-13
5 14  3.407407749333430e+02
14 5  3.407407749333430e+02
5 15  5.400124791776761e-13
15 5  5.400124791776761e-13
5 16 -7.407407333334055e+00
16 5 -7.407407333334055e+00
5 17  1.370370555851894e+02
17 5  1.370370555851894e+02
5 18  4.001243780749064e-13
18 5  4.001243780749064e-13
5 100 -1.185185265484279e-07
100 5 -1.185185265484279e-07
5 101  1.370370614074115e+02
101 5  1.370370614074115e+02
5 102  7.407409185185991e+00
102 5  7.407409185185991e+00
5 103 -2.486899575160351e-14
103 5 -2.486899575160351e-14
5 104  3.407407966222299e+02
104 5  3.407407966222299e+02
5 105  3.323175068459250e-13
105 5  3.323175068459250e-13
5 106  1.185185174445991e-07
106 5  1.185185174445991e-07
5 107  1.370370614074111e+02
107 5  1.370370614074111e+02
5 108 -7.407409185185496e+00
108 5 -7.407409185185496e+00
5 109 -1.851851870370357e+01
109 5 -1.851851870370357e+01
5 110  5.555556377777965e+01
110 5  5.555556377777965e+01
5 111 -1.851852296296255e+01
111 5 -1.851852296296255e+01
5 112  7.338574192772285e-14
112 5  7.338574192772285e-14
5 113  2.296296587851899e+02
113 5  2.296296587851899e+02
5 114  5.977510153520882e-13
114 5  5.977510153520882e-13
5 115  1.851851870370361e+01
115 5  1.851851870370361e+01
5 116  5.555556377777913e+01
116 5  5.555556377777913e+01
5 117  1.851852296296325e+01
117 5  1.851852296296325e+01
5 298  2.962963004444441e+01
298 5  2.962963004444441e+01
5 299  2.962965072592334e+01
299 5  2.962965072592334e+01
5 300  6.666668266666630e+01
300 5  6.666668266666630e+01
5 301  2.962963004444441e+01
301 5  2.962963004444441e+01
5 302 -5.925928071111156e+01
302 5 -5.925928071111156e+01
5 303  2.962963674074038e+01
303 5  2.962963674074038e+01
5 304 -3.552713678800501e-14
304 5 -3.552713678800501e-14
5 305 -1.925925863111172e+02
305 5 -1.925925863111172e+02
5 306 -2.629008122312371e-13
306 5 -2.629008122312371e-13
5 307 -2.962962992592594e+01
307 5 -2.962962992592594e+01
5 308 -1.851852235259305e+02
308 5 -1.851852235259305e+02
5 309  1.481481837037000e+01
309 5  1.481481837037000e+01
5 310 -5.925925961481591e+01
310 5 -5.925925961481591e+01
5 311 -3.703704540740833e+02
311 5 -3.703704540740833e+02
5 312 -5.925927348148292e+01
312 5 -5.925927348148292e+01
5 313  3.055333763768431e-13
313 5  3.055333763768431e-13
5 314 -2.962962593185315e+02
314 5 -2.962962593185315e+02
5 315 -2.131628207280301e-14
315 5 -2.131628207280301e-14
5 316  1.481481496296264e+01
316 5  1.481481496296264e+01
5 317 -1.851852326222244e+02
317 5 -1.851852326222244e+02
5 318 -2.962963674074099e+01
318 5 -2.962963674074099e+01
5 319  1.481481496296281e+01
319 5  1.481481496296281e+01
5 320 -5.185183591111677e+01
320 5 -5.185183591111677e+01
5 321 -4.444445511111189e+01
321 5 -4.444445511111189e+01
5 322  6.394884621840902e-14
322 5  6.394884621840902e-14
5 323 -2.962963634370413e+02
323 5 -2.962963634370413e+02
5 324 -2.842170943040401e-14
324 5 -2.842170943040401e-14
5 325 -4.444444477037070e+01
325 5 -4.444444477037070e+01
5 326 -5.185185641481819e+01
326 5 -5.185185641481819e+01
5 327  1.481481837037000e+01
327 5  1.481481837037000e+01
5 328 -7.815970093361102e-14
328 5 -7.815970093361102e-14
5 329 -1.925926464592581e+02
329 5 -1.925926464592581e+02
5 330 -3.161915174132446e-13
330 5 -3.161915174132446e-13
5 331  6.666666727407362e+01
331 5  6.666666727407362e+01
5 332  2.962963034074012e+01
332 5  2.962963034074012e+01
5 333  2.962963674074041e+01
333 5  2.962963674074041e+01
5 334 -2.962963004444440e+01
334 5 -2.962963004444440e+01
5 335 -5.925928071111124e+01
335 5 -5.925928071111124e+01
5 336 -2.962963674074106e+01
336 5 -2.962963674074106e+01
5 337 -2.962963004444443e+01
337 5 -2.962963004444443e+01
5 338  2.962965072592355e+01
338 5  2.962965072592355e+01
5 339 -6.666668266666679e+01
339 5 -6.666668266666679e+01
5 340  2.962962992592591e+01
340 5  2.962962992592591e+01
5 341 -1.851852235259302e+02
341 5 -1.851852235259302e+02
5 342 -1.481481837037045e+01
342 5 -1.481481837037045e+01
5 343  5.925925961481604e+01
343 5  5.925925961481604e+01
5 344 -3.703704540740837e+02
344 5 -3.703704540740837e+02
5 345  5.925927348148259e+01
345 5  5.925927348148259e+01
5 346 -1.481481496296259e+01
346 5 -1.481481496296259e+01
5 347 -5.185183591111608e+01
347 5 -5.185183591111608e+01
5 348  4.444445511111130e+01
348 5  4.444445511111130e+01
5 349 -1.481481496296280e+01
349 5 -1.481481496296280e+01
5 350 -1.851852326222244e+02
350 5 -1.851852326222244e+02
5 351  2.962963674074041e+01
351 5  2.962963674074041e+01
5 352  4.444444477037079e+01
352 5  4.444444477037079e+01
5 353 -5.185185641481751e+01
353 5 -5.185185641481751e+01
5 354 -1.481481837037054e+01
354 5 -1.481481837037054e+01
5 355 -6.666666727407367e+01
355 5 -6.666666727407367e+01
5 356  2.962963034074062e+01
356 5  2.962963034074062e+01
5 357 -2.962963674074102e+01
357 5 -2.962963674074102e+01
6 6  1.000000000000000e+36
6 7  1.851851870370352e+01
7 6  1.851851870370352e+01
6 8  3.383404667545165e-13
8 6  3.383404667545165e-13
6 9  1.703703969481521e+02
9 6  1.703703969481521e+02
6 10  1.185184707042097e-07
10 6  1.185184707042097e-07
6 11  3.509414980840120e-13
11 6  3.509414980840120e-13
6 12  1.148148280888912e+02
12 6  1.148148280888912e+02
6 13 -5.447309270323331e-13
13 6 -5.447309270323331e-13
6 14  5.364597654988756e-13
14 6  5.364597654988756e-13
6 15  3.407407746963052e+02
15 6  3.407407746963052e+02
6 16  1.185181943696989e-07
16 6  1.185181943696989e-07
6 17  3.979039320256561e-13
17 6  3.979039320256561e-13
6 18  1.148148280888912e+02
18 6  1.148148280888912e+02
6 100  1.185184901331127e-07
100 6  1.185184901331127e-07
6 101  7.407409185185991e+00
101 6  7.407409185185991e+00
6 102  1.370370614074112e+02
102 6  1.370370614074112e+02
6 103 -4.440892098500626e-16
103 6 -4.440892098500626e-16
6 104  3.329003739338532e-13
104 6  3.329003739338532e-13
6 105  4.296297073185309e+02
105 6  4.296297073185309e+02
6 106  1.185185070085026e-07
106 6  1.185185070085026e-07
6 107 -7.407409185185492e+00
107 6 -7.407409185185492e+00
6 108  1.370370614074108e+02
108 6  1.370370614074108e+02
6 109 -1.851851870370358e+01
109 6 -1.851851870370358e+01
6 110 -1.851852296296255e+01
110 6 -1.851852296296255e+01
6 111  5.555556377777937e+01
111 6  5.555556377777937e+01
6 112  1.481481525926028e+01
112 6  1.481481525926028e+01
6 113  6.000755448098971e-13
113 6  6.000755448098971e-13
6 114  2.740741140148219e+02
114 6  2.740741140148219e+02
6 115 -1.851851870370373e+01
115 6 -1.851851870370373e+01
6 116  1.851852296296325e+01
116 6  1.851852296296325e+01
6 117  5.555556377777872e+01
117 6  5.555556377777872e+01
6 298  2.962962980740739e+01
298 6  2.962962980740739e+01
6 299  6.666668266666630e+01
299 6  6.666668266666630e+01
6 300  2.962965001481247e+01
300 6  2.962965001481247e+01
6 301  6.666666739259209e+01
301 6  6.666666739259209e+01
6 302  2.962963674074039e+01
302 6  2.962963674074039e+01
6 303  2.962962951111056e+01
303 6  2.962962951111056e+01
6 304  2.962962992592565e+01
304 6  2.962962992592565e+01
6 305 -2.771116669464391e-13
305 6 -2.771116669464391e-13
6 306 -1.037036763259341e+02
306 6 -1.037036763259341e+02
6 307 -4.444444500740774e+01
307 6 -4.444444500740774e+01
6 308  1.481481837037001e+01
308 6  1.481481837037001e+01
6 309 -5.185185854815197e+01
309 6 -5.185185854815197e+01
6 310  2.222222262222342e+01
310 6  2.222222262222342e+01
6 311 -5.925927348148291e+01
311 6 -5.925927348148291e+01
6 312 -1.481481788740759e+02
312 6 -1.481481788740759e+02
6 313 -1.185185201777789e+02
313 6 -1.185185201777789e+02
6 314 -2.131628207280301e-14
314 6 -2.131628207280301e-14
6 315 -2.962962574222341e+02
315 6 -2.962962574222341e+02
6 316 -4.444444500740779e+01
316 6 -4.444444500740779e+01
6 317 -2.962963674074100e+01
317 6 -2.962963674074100e+01
6 318 -9.629632239999933e+01
318 6 -9.629632239999933e+01
6 319 -2.962962992592581e+01
319 6 -2.962962992592581e+01
6 320 -4.444445511111189e+01
320 6 -4.444445511111189e+01
6 321 -9.629629114074416e+01
321 6 -9.629629114074416e+01
6 322 -1.185185201777802e+02
322 6 -1.185185201777802e+02
6 323 -3.552713678800501e-14
323 6 -3.552713678800501e-14
6 324 -7.407409152592782e+02
324 6 -7.407409152592782e+02
6 325 -2.962962992592593e+01
325 6 -2.962962992592593e+01
6 326  1.481481837036999e+01
326 6  1.481481837036999e+01
6 327 -1.851852221037081e+02
327 6 -1.851852221037081e+02
6 328  2.962962992592581e+01
328 6  2.962962992592581e+01
6 329 -3.197442310920451e-13
329 6 -3.197442310920451e-13
6 330 -3.703704669037069e+02
330 6 -3.703704669037069e+02
6 331  2.962962980740745e+01
331 6  2.962962980740745e+01
6 332  2.962963674074041e+01
332 6  2.962963674074041e+01
6 333 -5.925927988148148e+01
333 6 -5.925927988148148e+01
6 334  6.666666739259222e+01
334 6  6.666666739259222e+01
6 335 -2.962963674074105e+01
335 6 -2.962963674074105e+01
6 336  2.962962951111123e+01
336 6  2.962962951111123e+01
6 337  2.962962980740748e+01
337 6  2.962962980740748e+01
6 338 -6.666668266666680e+01
338 6 -6.666668266666680e+01
6 339  2.962965001481268e+01
339 6  2.962965001481268e+01
6 340 -4.444444500740786e+01
340 6 -4.444444500740786e+01
6 341 -1.481481837037046e+01
341 6 -1.481481837037046e+01
6 342 -5.185185854815140e+01
342 6 -5.185185854815140e+01
6 343  2.222222262222312e+01
343 6  2.222222262222312e+01
6 344  5.925927348148260e+01
344 6  5.925927348148260e+01
6 345 -1.481481788740769e+02
345 6 -1.481481788740769e+02
6 346 -2.962962992592553e+01
346 6 -2.962962992592553e+01
6 347  4.444445511111131e+01
347 6  4.444445511111131e+01
6 348 -9.629629114074378e+01
348 6 -9.629629114074378e+01
6 349 -4.444444500740750e+01
349 6 -4.444444500740750e+01
6 350  2.962963674074041e+01
350 6  2.962963674074041e+01
6 351 -9.629632239999945e+01
351 6 -9.629632239999945e+01
6 352 -2.962962992592594e+01
352 6 -2.962962992592594e+01
6 353 -1.481481837037053e+01
353 6 -1.481481837037053e+01
6 354 -1.851852221037074e+02
354 6 -1.851852221037074e+02
6 355  2.962962980740745e+01
355 6  2.962962980740745e+01
6 356 -2.962963674074102e+01
356 6 -2.962963674074102e+01
6 357 -5.925927988148118e+01
357 6 -5.925927988148118e+01
7 7  1.000000000000000e+36
7 8  8.148148197037220e+01
8 7  8.148148197037220e+01
7 9  8.148148197037219e+01
9 7  8.148148197037219e+01
7 13  1.370370283259329e+02
13 7  1.370370283259329e+02
7 14  7.407407333333956e+00
14 7  7.407407333333956e+00
7 15 -1.185185714222547e-07
15 7 -1.185185714222547e-07
7 16  2.148147929777901e+02
16 7  2.148147929777901e+02
7 17 -2.715605518233133e-13
17 7 -2.715605518233133e-13
7 18 -2.371436380599334e-13
18 7 -2.371436380599334e-13
7 103  1.148148168148190e+02
103 7  1.148148168148190e+02
7 104 -1.185185413421497e-07
104 7 -1.185185413421497e-07
7 105 -1.185185551089152e-07
105 7 -1.185185551089152e-07
7 106  1.703703697481550e+02
106 7  1.703703697481550e+02
7 107  1.851851870370349e+01
107 7  1.851851870370349e+01
7 108 -8.343326030058051e-14
108 7 -8.343326030058051e-14
7 112  5.555555355555813e+01
112 7  5.555555355555813e+01
7 113 -1.851851870370357e+01
113 7 -1.851851870370357e+01
7 114 -1.851851870370360e+01
114 7 -1.851851870370360e+01
7 115  1.370370283259326e+02
115 7  1.370370283259326e+02
7 116 -1.185185844188030e-07
116 7 -1.185185844188030e-07
7 117  7.407407333333844e+00
117 7  7.407407333333844e+00
7 304 -5.925923271111632e+01
304 7 -5.925923271111632e+01
7 305  2.962963004444441e+01
305 7  2.962963004444441e+01
7 306  2.962963004444442e+01
306 7  2.962963004444442e+01
7 313 -1.851851473185306e+02
313 7 -1.851851473185306e+02
7 314  1.481481496296281e+01
314 7  1.481481496296281e+01
7 315 -2.962962992592579e+01
315 7 -2.962962992592579e+01
7 322 -9.629629920000332e+01
322 7 -9.629629920000332e+01
7 323 -4.444444477037070e+01
323 7 -4.444444477037070e+01
7 324 -2.962962992592592e+01
324 7 -2.962962992592592e+01
7 328  2.962961647407525e+01
328 7  2.962961647407525e+01
7 329  6.666666727407360e+01
329 7  6.666666727407360e+01
7 330  2.962963004444448e+01
330 7  2.962963004444448e+01
7 334  2.962961647407518e+01
334 7  2.962961647407518e+01
7 335  2.962963004444441e+01
335 7  2.962963004444441e+01
7 336  6.666666727407360e+01
336 7  6.666666727407360e+01
7 337 -1.851851473185301e+02
337 7 -1.851851473185301e+02
7 338 -2.962962992592572e+01
338 7 -2.962962992592572e+01
7 339  1.481481496296291e+01
339 7  1.481481496296291e+01
7 340 -9.629629920000329e+01
340 7 -9.629629920000329e+01
7 341 -2.962962992592589e+01
341 7 -2.962962992592589e+01
7 342 -4.444444477037068e+01
342 7 -4.444444477037068e+01
7 343 -1.481481730074105e+02
343 7 -1.481481730074105e+02
7 344 -5.925925961481578e+01
344 7 -5.925925961481578e+01
7 345  2.222222226666794e+01
345 7  2.222222226666794e+01
7 346 -3.703702923852101e+02
346 7 -3.703702923852101e+02
7 347 -5.925925961481548e+01
347 7 -5.925925961481548e+01
7 348 -5.925925961481556e+01
348 7 -5.925925961481556e+01
7 349 -5.185187386666662e+01
349 7 -5.185187386666662e+01
7 350  1.481481496296267e+01
350 7  1.481481496296267e+01
7 351 -4.444444477037077e+01
351 7 -4.444444477037077e+01
7 352 -1.481481730074105e+02
352 7 -1.481481730074105e+02
7 353  2.222222226666798e+01
353 7  2.222222226666798e+01
7 354 -5.925925961481585e+01
354 7 -5.925925961481585e+01
7 355 -5.185187386666653e+01
355 7 -5.185187386666653e+01
7 356 -4.444444477037089e+01
356 7 -4.444444477037089e+01
7 357  1.481481496296271e+01
357 7  1.481481496296271e+01
8 8  1.000000000000000e+36
8 9  8.148150103703964e+01
9 8  8.148150103703964e+01
8 13  7.407407333333957e+00
13 8  7.407407333333957e+00
8 14  1.370370555851893e+02
14 8  1.370370555851893e+02
8 15  3.292921491038214e-13
15 8  3.292921491038214e-13
8 16 -2.700062395888381e-13
16 8 -2.700062395888381e-13
8 17  1.703703861037085e+02
17 8  1.703703861037085e+02
8 18  1.851852296296326e+01
18 8  1.851852296296326e+01
8 103 -1.185185425356394e-07
103 8 -1.185185425356394e-07
8 104  1.370370614074114e+02
104 8  1.370370614074114e+02
8 105  7.407409185185985e+00
105 8  7.407409185185985e+00
8 106  1.851851870370349e+01
106 8  1.851851870370349e+01
8 107  1.703703969481519e+02
107 8  1.703703969481519e+02
8 108  2.662384201990164e-13
108 8  2.662384201990164e-13
8 112 -1.851851870370357e+01
112 8 -1.851851870370357e+01
8 113  5.555556377777965e+01
113 8  5.555556377777965e+01
8 114 -1.851852296296256e+01
114 8 -1.851852296296256e+01
8 115 -1.185185821706014e-07
115 8 -1.185185821706014e-07
8 116  1.148148280888911e+02
116 8  1.148148280888911e+02
8 117  3.164274398059774e-13
117 8  3.164274398059774e-13
8 304  2.962963004444441e+01
304 8  2.962963004444441e+01
8 305  2.962965013333061e+01
305 8  2.962965013333061e+01
8 306  6.666668266666630e+01
306 8  6.666668266666630e+01
8 313  1.481481496296281e+01
313 8  1.481481496296281e+01
8 314 -5.185183745185778e+01
314 8 -5.185183745185778e+01
8 315 -4.444445511111187e+01
315 8 -4.444445511111187e+01
8 322 -4.444444477037070e+01
322 8 -4.444444477037070e+01
8 323 -5.185185795555913e+01
323 8 -5.185185795555913e+01
8 324  1.481481837037002e+01
324 8  1.481481837037002e+01
8 328  6.666666727407362e+01
328 8  6.666666727407362e+01
8 329  2.962962974814739e+01
329 8  2.962962974814739e+01
8 330  2.962963674074041e+01
330 8  2.962963674074041e+01
8 334  2.962963004444441e+01
334 8  2.962963004444441e+01
8 335 -5.925928000000030e+01
335 8 -5.925928000000030e+01
8 336  2.962963674074040e+01
336 8  2.962963674074040e+01
8 337 -2.962962992592573e+01
337 8 -2.962962992592573e+01
8 338 -9.629629197037357e+01
338 8 -9.629629197037357e+01
8 339 -4.444445511111186e+01
339 8 -4.444445511111186e+01
8 340 -2.962962992592590e+01
340 8 -2.962962992592590e+01
8 341 -1.851852226963007e+02
341 8 -1.851852226963007e+02
8 342  1.481481837037001e+01
342 8  1.481481837037001e+01
8 343 -5.925925961481578e+01
343 8 -5.925925961481578e+01
8 344 -3.703704543111204e+02
344 8 -3.703704543111204e+02
8 345 -5.925927348148287e+01
345 8 -5.925927348148287e+01
8 346 -5.925925961481548e+01
346 8 -5.925925961481548e+01
8 347 -1.481481272888947e+02
347 8 -1.481481272888947e+02
8 348  2.222222755555703e+01
348 8  2.222222755555703e+01
8 349  1.481481496296267e+01
349 8  1.481481496296267e+01
8 350 -1.851852317925946e+02
350 8 -1.851852317925946e+02
8 351 -2.962963674074097e+01
351 8 -2.962963674074097e+01
8 352  2.222222226666798e+01
352 8  2.222222226666798e+01
8 353 -1.481481793481499e+02
353 8 -1.481481793481499e+02
8 354 -5.925927348148307e+01
354 8 -5.925927348148307e+01
8 355 -4.444444477037088e+01
355 8 -4.444444477037088e+01
8 356 -9.629632204444358e+01
356 8 -9.629632204444358e+01
8 357 -2.962963674074108e+01
357 8 -2.962963674074108e+01
9 9  1.000000000000000e+36
9 13 -1.185185729557503e-07
13 9 -1.185185729557503e-07
9 14  3.299166495551731e-13
14 9  3.299166495551731e-13
9 15  1.148148280888912e+02
15 9  1.148148280888912e+02
9 16 -2.380318164796336e-13
16 9 -2.380318164796336e-13
9 17  1.851852296296327e+01
17 9  1.851852296296327e+01
9 18  1.703703861037083e+02
18 9  1.703703861037083e+02
9 103 -1.185185523056020e-07
103 9 -1.185185523056020e-07
9 104  7.407409185185985e+00
104 9  7.407409185185985e+00
9 105  1.370370614074112e+02
105 9  1.370370614074112e+02
9 106 -8.526512829121202e-14
106 9 -8.526512829121202e-14
9 107  2.672861931785064e-13
107 9  2.672861931785064e-13
9 108  2.148148518222286e+02
108 9  2.148148518222286e+02
9 112 -1.851851870370359e+01
112 9 -1.851851870370359e+01
9 113 -1.851852296296255e+01
113 9 -1.851852296296255e+01
9 114  5.555556377777936e+01
114 9  5.555556377777936e+01
9 115  7.407407333333843e+00
115 9  7.407407333333843e+00
9 116  3.151923166910819e-13
116 9  3.151923166910819e-13
9 117  1.370370555851887e+02
117 9  1.370370555851887e+02
9 304  2.962963004444442e+01
304 9  2.962963004444442e+01
9 305  6.666668266666630e+01
305 9  6.666668266666630e+01
9 306  2.962965013333102e+01
306 9  2.962965013333102e+01
9 313 -2.962962992592579e+01
313 9 -2.962962992592579e+01
9 314 -4.444445511111187e+01
314 9 -4.444445511111187e+01
9 315 -9.629629197037396e+01
315 9 -9.629629197037396e+01
9 322 -2.962962992592592e+01
322 9 -2.962962992592592e+01
9 323  1.481481837037002e+01
323 9  1.481481837037002e+01
9 324 -1.851852226963007e+02
324 9 -1.851852226963007e+02
9 328  2.962963004444448e+01
328 9  2.962963004444448e+01
9 329  2.962963674074041e+01
329 9  2.962963674074041e+01
9 330 -5.925928000000007e+01
330 9 -5.925928000000007e+01
9 334  6.666666727407360e+01
334 9  6.666666727407360e+01
9 335  2.962963674074040e+01
335 9  2.962963674074040e+01
9 336  2.962962974814766e+01
336 9  2.962962974814766e+01
9 337  1.481481496296291e+01
337 9  1.481481496296291e+01
9 338 -4.444445511111186e+01
338 9 -4.444445511111186e+01
9 339 -5.185183745185658e+01
339 9 -5.185183745185658e+01
9 340 -4.444444477037068e+01
340 9 -4.444444477037068e+01
9 341  1.481481837037001e+01
341 9  1.481481837037001e+01
9 342 -5.185185795555920e+01
342 9 -5.185185795555920e+01
9 343  2.222222226666794e+01
343 9  2.222222226666794e+01
9 344 -5.925927348148288e+01
344 9 -5.925927348148288e+01
9 345 -1.481481793481500e+02
345 9 -1.481481793481500e+02
9 346 -5.925925961481556e+01
346 9 -5.925925961481556e+01
9 347  2.222222755555702e+01
347 9  2.222222755555702e+01
9 348 -1.481481272888947e+02
348 9 -1.481481272888947e+02
9 349 -4.444444477037077e+01
349 9 -4.444444477037077e+01
9 350 -2.962963674074097e+01
350 9 -2.962963674074097e+01
9 351 -9.629632204444371e+01
351 9 -9.629632204444371e+01
9 352 -5.925925961481585e+01
352 9 -5.925925961481585e+01
9 353 -5.925927348148307e+01
353 9 -5.925927348148307e+01
9 354 -3.703704543111204e+02
354 9 -3.703704543111204e+02
9 355  1.481481496296271e+01
355 9  1.481481496296271e+01
9 356 -2.962963674074107e+01
356 9 -2.962963674074107e+01
9 357 -1.851852317925942e+02
357 9 -1.851852317925942e+02
10 10  6.666666077631099e+02
10 11  2.984279490192421e-13
11 10  2.984279490192421e-13
10 12 -3.694822225952521e-13
12 10 -3.694822225952521e-13
10 13  3.407406417185421e+02
13 10  3.407406417185421e+02
10 14 -3.552713678800501e-14
14 10 -3.552713678800501e-14
10 15 -2.984279490192421e-13
15 10 -2.984279490192421e-13
10 19  2.148148507556552e+02
19 10  2.148148507556552e+02
10 20  1.782463066035689e-13
20 10  1.782463066035689e-13
10 21 -1.491654022522937e-13
21 10 -1.491654022522937e-13
10 22  1.370370527704268e+02
22 10  1.370370527704268e+02
10 23 -7.407407333333945e+00
23 10 -7.407407333333945e+00
10 24 -1.185187274987953e-07
24 10 -1.185187274987953e-07
10 100  1.370370283259326e+02
100 10  1.370370283259326e+02
10 101 -1.185183835517023e-07
101 10 -1.185183835517023e-07
10 102 -7.407407333333712e+00
102 10 -7.407407333333712e+00
10 103  5.555555355555801e+01
103 10  5.555555355555801e+01
10 104 -1.851851870370364e+01
104 10 -1.851851870370364e+01
10 105  1.851851870370371e+01
105 10  1.851851870370371e+01
10 109  3.407406417185423e+02
109 10  3.407406417185423e+02
10 110  1.492139745096210e-13
110 10  1.492139745096210e-13
10 111 -1.068589661201713e-15
111 10 -1.068589661201713e-15
10 112  2.296295336296284e+02
112 10  2.296295336296284e+02
10 113 -1.265654248072678e-14
113 10 -1.265654248072678e-14
10 114 -1.812439087700568e-14
114 10 -1.812439087700568e-14
10 118  1.370370527704271e+02
118 10  1.370370527704271e+02
10 119  1.185187038510449e-07
119 10  1.185187038510449e-07
10 120  7.407407333333954e+00
120 10  7.407407333333954e+00
10 121  5.555556022224326e+01
121 10  5.555556022224326e+01
10 122  1.851851870370359e+01
122 10  1.851851870370359e+01
10 123 -1.851851870370365e+01
123 10 -1.851851870370365e+01
10 298 -1.851851473185297e+02
298 10 -1.851851473185297e+02
10 299 -2.962962992592612e+01
299 10 -2.962962992592612e+01
10 300 -1.481481496296304e+01
300 10 -1.481481496296304e+01
10 301 -1.925925050666573e+02
301 10 -1.925925050666573e+02
10 302  1.065814103640150e-14
302 10  1.065814103640150e-14
10 303 -9.237055564881302e-14
303 10 -9.237055564881302e-14
10 304 -5.925923271111601e+01
304 10 -5.925923271111601e+01
10 305  2.962963004444447e+01
305 10  2.962963004444447e+01
10 306 -2.962963004444458e+01
306 10 -2.962963004444458e+01
10 307  2.962961647407470e+01
307 10  2.962961647407470e+01
10 308  2.962963004444445e+01
308 10  2.962963004444445e+01
10 309 -6.666666727407350e+01
309 10 -6.666666727407350e+01
10 310 -5.185187386666831e+01
310 10 -5.185187386666831e+01
10 311  1.481481496296273e+01
311 10  1.481481496296273e+01
10 312  4.444444477037054e+01
312 10  4.444444477037054e+01
10 313 -1.851851473185299e+02
313 10 -1.851851473185299e+02
10 314  1.481481496296275e+01
314 10  1.481481496296275e+01
10 315  2.962962992592607e+01
315 10  2.962962992592607e+01
10 316 -2.962961060147531e+02
316 10 -2.962961060147531e+02
10 317  1.350031197944190e-13
317 10  1.350031197944190e-13
10 318  3.623767952376511e-13
318 10  3.623767952376511e-13
10 319 -3.703702923852122e+02
319 10 -3.703702923852122e+02
10 320 -5.925925961481626e+01
320 10 -5.925925961481626e+01
10 321  5.925925961481644e+01
321 10  5.925925961481644e+01
10 322  2.962961647407475e+01
322 10  2.962961647407475e+01
10 323  6.666666727407356e+01
323 10  6.666666727407356e+01
10 324 -2.962963004444442e+01
324 10 -2.962963004444442e+01
10 325 -5.185187386666794e+01
325 10 -5.185187386666794e+01
10 326 -4.444444477037076e+01
326 10 -4.444444477037076e+01
10 327 -1.481481496296289e+01
327 10 -1.481481496296289e+01
10 328 -1.925925050666571e+02
328 10 -1.925925050666571e+02
10 329  1.421085471520200e-13
329 10  1.421085471520200e-13
10 330  1.385558334732195e-13
330 10  1.385558334732195e-13
10 331 -2.962961060147533e+02
331 10 -2.962961060147533e+02
10 332  2.131628207280301e-14
332 10  2.131628207280301e-14
10 333  9.947598300641403e-14
333 10  9.947598300641403e-14
10 358 -1.851851873185911e+02
358 10 -1.851851873185911e+02
10 359  2.962962992592563e+01
359 10  2.962962992592563e+01
10 360  1.481481496296278e+01
360 10  1.481481496296278e+01
10 361  2.962960758517224e+01
361 10  2.962960758517224e+01
10 362 -2.962963004444445e+01
362 10 -2.962963004444445e+01
10 363  6.666666727407357e+01
363 10  6.666666727407357e+01
10 364 -5.925925048890475e+01
364 10 -5.925925048890475e+01
10 365 -2.962963004444439e+01
365 10 -2.962963004444439e+01
10 366  2.962963004444454e+01
366 10  2.962963004444454e+01
10 367 -1.851851873185902e+02
