1 1  6.374690325077251e-09
1 25  5.319168799776981e-10
25 1  5.319168799776981e-10
1 82  5.416145250003974e-10
82 1  5.416145250003974e-10
1 124  5.305316037850855e-10
124 1  5.305316037850855e-10
1 241  5.208339589286268e-10
241 1  5.208339589286268e-10
1 307  1.062448351971044e-09
307 1  1.062448351971044e-09
1 526 -3.183189483586907e-09
526 1 -3.183189483586907e-09
1 532 -3.125003674405037e-09
532 1 -3.125003674405037e-09
1 538 -1.562501793452467e-09
538 1 -1.562501793452467e-09
1 595 -3.191501139072149e-09
595 1 -3.191501139072149e-09
1 598 -1.562501793452468e-09
598 1 -1.562501793452468e-09
1 613 -4.249793935383623e-09
613 1 -4.249793935383623e-09
1 616 -2.083335764881107e-09
616 1 -2.083335764881107e-09
1 619 -2.122126284350063e-09
619 1 -2.122126284350063e-09
1 622 -2.127667387450089e-09
622 1 -2.127667387450089e-09
1 634 -3.249686947921530e-09
634 1 -3.249686947921530e-09
1 1537 -1.620687559033829e-09
1537 1 -1.620687559033829e-09
1 1540 -2.166457906586557e-09
1540 1 -2.166457906586557e-09
1 1801 -1.628999212804325e-09
1801 1 -1.628999212804325e-09
2 2  6.374690325077251e-09
2 26  5.319168799776981e-10
26 2  5.319168799776981e-10
2 83  5.416145250003974e-10
83 2  5.416145250003974e-10
2 125  5.305316037850855e-10
125 2  5.305316037850855e-10
2 242  5.208339589286268e-10
242 2  5.208339589286268e-10
2 308  1.062448351971044e-09
308 2  1.062448351971044e-09
2 527 -3.183189483586907e-09
527 2 -3.183189483586907e-09
2 533 -3.125003674405037e-09
533 2 -3.125003674405037e-09
2 539 -1.562501793452467e-09
539 2 -1.562501793452467e-09
2 596 -3.191501139072149e-09
596 2 -3.191501139072149e-09
2 599 -1.562501793452468e-09
599 2 -1.562501793452468e-09
2 614 -4.249793935383623e-09
614 2 -4.249793935383623e-09
2 617 -2.083335764881107e-09
617 2 -2.083335764881107e-09
2 620 -2.122126284350063e-09
620 2 -2.122126284350063e-09
2 623 -2.127667387450089e-09
623 2 -2.127667387450089e-09
2 635 -3.249686947921530e-09
635 2 -3.249686947921530e-09
2 1538 -1.620687559033829e-09
1538 2 -1.620687559033829e-09
2 1541 -2.166457906586557e-09
1541 2 -2.166457906586557e-09
2 1802 -1.628999212804325e-09
1802 2 -1.628999212804325e-09
3 3  6.374690325077251e-09
3 27  5.319168799776981e-10
27 3  5.319168799776981e-10
3 84  5.416145250003974e-10
84 3  5.416145250003974e-10
3 126  5.305316037850855e-10
126 3  5.305316037850855e-10
3 243  5.208339589286268e-10
243 3  5.208339589286268e-10
3 309  1.062448351971044e-09
309 3  1.062448351971044e-09
3 528 -3.183189483586907e-09
528 3 -3.183189483586907e-09
3 534 -3.125003674405037e-09
534 3 -3.125003674405037e-09
3 540 -1.562501793452467e-09
540 3 -1.562501793452467e-09
3 597 -3.191501139072149e-09
597 3 -3.191501139072149e-09
3 600 -1.562501793452468e-09
600 3 -1.562501793452468e-09
3 615 -4.249793935383623e-09
615 3 -4.249793935383623e-09
3 618 -2.083335764881107e-09
618 3 -2.083335764881107e-09
3 621 -2.122126284350063e-09
621 3 -2.122126284350063e-09
3 624 -2.127667387450089e-09
624 3 -2.127667387450089e-09
3 636 -3.249686947921530e-09
636 3 -3.249686947921530e-09
3 1539 -1.620687559033829e-09
1539 3 -1.620687559033829e-09
3 1542 -2.166457906586557e-09
1542 3 -2.166457906586557e-09
3 1803 -1.628999212804325e-09
1803 3 -1.628999212804325e-09
4 4  7.804867247532620e-09
4 25  5.319615007874210e-10
25 4  5.319615007874210e-10
4 28  5.125656213624591e-10
28 4  5.125656213624591e-10
4 85  5.319617431483073e-10
85 4  5.319617431483073e-10
4 157  5.125653769513088e-10
157 4  5.125653769513088e-10
4 184  5.125658616730799e-10
184 4  5.125658616730799e-10
4 313  1.300811798436788e-09
313 4  1.300811798436788e-09
4 559 -3.075396400726821e-09
559 4 -3.075396400726821e-09
4 562 -2.050264681481182e-09
562 4 -2.050264681481182e-09
4 565 -5.203240207845155e-09
565 4 -5.203240207845155e-09
4 568 -2.050263741600559e-09
568 4 -2.050263741600559e-09
4 571 -3.075394976124436e-09
571 4 -3.075394976124436e-09
4 574 -1.537698809556779e-09
574 4 -1.537698809556779e-09
4 577 -2.127848539883356e-09
577 4 -2.127848539883356e-09
4 580 -3.191772017668571e-09
580 4 -3.191772017668571e-09
4 583 -1.654074767200859e-09
583 4 -1.654074767200859e-09
4 586 -3.191770605367768e-09
586 4 -3.191770605367768e-09
4 589 -2.127847612304316e-09
589 4 -2.127847612304316e-09
4 652 -3.075393576125214e-09
652 4 -3.075393576125214e-09
4 655 -1.537697447321543e-09
655 4 -1.537697447321543e-09
4 1162 -1.537697439120487e-09
1162 4 -1.537697439120487e-09
4 1534 -1.537698817757843e-09
1534 4 -1.537698817757843e-09
4 1798 -2.050262826323108e-09
1798 4 -2.050262826323108e-09
5 5  7.804867247532620e-09
5 26  5.319615007874210e-10
26 5  5.319615007874210e-10
5 29  5.125656213624591e-10
29 5  5.125656213624591e-10
5 86  5.319617431483073e-10
86 5  5.319617431483073e-10
5 158  5.125653769513088e-10
158 5  5.125653769513088e-10
5 185  5.125658616730799e-10
185 5  5.125658616730799e-10
5 314  1.300811798436788e-09
314 5  1.300811798436788e-09
5 560 -3.075396400726821e-09
560 5 -3.075396400726821e-09
5 563 -2.050264681481182e-09
563 5 -2.050264681481182e-09
5 566 -5.203240207845155e-09
566 5 -5.203240207845155e-09
5 569 -2.050263741600559e-09
569 5 -2.050263741600559e-09
5 572 -3.075394976124436e-09
572 5 -3.075394976124436e-09
5 575 -1.537698809556779e-09
575 5 -1.537698809556779e-09
5 578 -2.127848539883356e-09
578 5 -2.127848539883356e-09
5 581 -3.191772017668571e-09
581 5 -3.191772017668571e-09
5 584 -1.654074767200859e-09
584 5 -1.654074767200859e-09
5 587 -3.191770605367768e-09
587 5 -3.191770605367768e-09
5 590 -2.127847612304316e-09
590 5 -2.127847612304316e-09
5 653 -3.075393576125214e-09
653 5 -3.075393576125214e-09
5 656 -1.537697447321543e-09
656 5 -1.537697447321543e-09
5 1163 -1.537697439120487e-09
1163 5 -1.537697439120487e-09
5 1535 -1.537698817757843e-09
1535 5 -1.537698817757843e-09
5 1799 -2.050262826323108e-09
1799 5 -2.050262826323108e-09
6 6  7.804867247532620e-09
6 27  5.319615007874210e-10
27 6  5.319615007874210e-10
6 30  5.125656213624591e-10
30 6  5.125656213624591e-10
6 87  5.319617431483073e-10
87 6  5.319617431483073e-10
6 159  5.125653769513088e-10
159 6  5.125653769513088e-10
6 186  5.125658616730799e-10
186 6  5.125658616730799e-10
6 315  1.300811798436788e-09
315 6  1.300811798436788e-09
6 561 -3.075396400726821e-09
561 6 -3.075396400726821e-09
6 564 -2.050264681481182e-09
564 6 -2.050264681481182e-09
6 567 -5.203240207845155e-09
567 6 -5.203240207845155e-09
6 570 -2.050263741600559e-09
570 6 -2.050263741600559e-09
6 573 -3.075394976124436e-09
573 6 -3.075394976124436e-09
6 576 -1.537698809556779e-09
576 6 -1.537698809556779e-09
6 579 -2.127848539883356e-09
579 6 -2.127848539883356e-09
6 582 -3.191772017668571e-09
582 6 -3.191772017668571e-09
6 585 -1.654074767200859e-09
585 6 -1.654074767200859e-09
6 588 -3.191770605367768e-09
588 6 -3.191770605367768e-09
6 591 -2.127847612304316e-09
591 6 -2.127847612304316e-09
6 654 -3.075393576125214e-09
654 6 -3.075393576125214e-09
6 657 -1.537697447321543e-09
657 6 -1.537697447321543e-09
6 1164 -1.537697439120487e-09
1164 6 -1.537697439120487e-09
6 1536 -1.537698817757843e-09
1536 6 -1.537698817757843e-09
6 1800 -2.050262826323108e-09
1800 6 -2.050262826323108e-09
7 7  4.812185827593584e-09
7 52  5.319164776041644e-10
52 7  5.319164776041644e-10
7 55  5.305311632869650e-10
55 7  5.305311632869650e-10
7 115  5.416143259816600e-10
115 7  5.416143259816600e-10
7 319  8.020309684215718e-10
319 7  8.020309684215718e-10
7 700 -3.249685912079149e-09
700 7 -3.249685912079149e-09
7 826 -3.191498805367679e-09
826 7 -3.191498805367679e-09
7 850 -3.183187015086958e-09
850 7 -3.183187015086958e-09
7 865 -1.620687048573563e-09
865 7 -1.620687048573563e-09
7 868 -2.166457260093664e-09
868 7 -2.166457260093664e-09
7 871 -3.208123933745577e-09
871 7 -3.208123933745577e-09
7 874 -2.122124688668193e-09
874 7 -2.122124688668193e-09
7 877 -1.628998802296622e-09
877 7 -1.628998802296622e-09
7 880 -2.127665858670012e-09
880 7 -2.127665858670012e-09
7 1669 -1.562499985367062e-09
1669 7 -1.562499985367062e-09
8 8  4.812185827593584e-09
8 53  5.319164776041644e-10
53 8  5.319164776041644e-10
8 56  5.305311632869650e-10
56 8  5.305311632869650e-10
8 116  5.416143259816600e-10
116 8  5.416143259816600e-10
8 320  8.020309684215718e-10
320 8  8.020309684215718e-10
8 701 -3.249685912079149e-09
701 8 -3.249685912079149e-09
8 827 -3.191498805367679e-09
827 8 -3.191498805367679e-09
8 851 -3.183187015086958e-09
851 8 -3.183187015086958e-09
8 866 -1.620687048573563e-09
866 8 -1.620687048573563e-09
8 869 -2.166457260093664e-09
869 8 -2.166457260093664e-09
8 872 -3.208123933745577e-09
872 8 -3.208123933745577e-09
8 875 -2.122124688668193e-09
875 8 -2.122124688668193e-09
8 878 -1.628998802296622e-09
878 8 -1.628998802296622e-09
8 881 -2.127665858670012e-09
881 8 -2.127665858670012e-09
8 1670 -1.562499985367062e-09
1670 8 -1.562499985367062e-09
9 9  4.812185827593584e-09
9 54  5.319164776041644e-10
54 9  5.319164776041644e-10
9 57  5.305311632869650e-10
57 9  5.305311632869650e-10
9 117  5.416143259816600e-10
117 9  5.416143259816600e-10
9 321  8.020309684215718e-10
321 9  8.020309684215718e-10
9 702 -3.249685912079149e-09
702 9 -3.249685912079149e-09
9 828 -3.191498805367679e-09
828 9 -3.191498805367679e-09
9 852 -3.183187015086958e-09
852 9 -3.183187015086958e-09
9 867 -1.620687048573563e-09
867 9 -1.620687048573563e-09
9 870 -2.166457260093664e-09
870 9 -2.166457260093664e-09
9 873 -3.208123933745577e-09
873 9 -3.208123933745577e-09
9 876 -2.122124688668193e-09
876 9 -2.122124688668193e-09
9 879 -1.628998802296622e-09
879 9 -1.628998802296622e-09
9 882 -2.127665858670012e-09
882 9 -2.127665858670012e-09
9 1671 -1.562499985367062e-09
1671 9 -1.562499985367062e-09
10 10  7.142856282539685e-09
10 55  3.968253107142864e-10
55 10  3.968253107142864e-10
10 58  3.968253515872994e-10
58 10  3.968253515872994e-10
10 121  3.968253107142864e-10
121 10  3.968253107142864e-10
10 181  3.968253515872993e-10
181 10  3.968253515872993e-10
10 211  3.968252666666715e-10
211 10  3.968252666666715e-10
10 238  3.968253515872993e-10
238 10  3.968253515872993e-10
10 301  1.190476092063488e-09
301 10  1.190476092063488e-09
10 490 -2.380952190476185e-09
490 10 -2.380952190476185e-09
10 496 -1.190476142063491e-09
496 10 -1.190476142063491e-09
10 502 -2.380952203174596e-09
502 10 -2.380952203174596e-09
10 847 -2.380951933333338e-09
847 10 -2.380951933333338e-09
10 853 -1.190476154761903e-09
853 10 -1.190476154761903e-09
10 856 -2.380952203174596e-09
856 10 -2.380952203174596e-09
10 1369 -2.380951657142872e-09
1369 10 -2.380951657142872e-09
10 1378 -2.380951933333338e-09
1378 10 -2.380951933333338e-09
10 1381 -1.190476154761903e-09
1381 10 -1.190476154761903e-09
10 1384 -1.190476142063491e-09
1384 10 -1.190476142063491e-09
10 1387 -1.587301499999996e-09
1387 10 -1.587301499999996e-09
10 1390 -4.761903885714285e-09
1390 10 -4.761903885714285e-09
10 1393 -1.587301487301584e-09
1393 10 -1.587301487301584e-09
10 1396 -1.587301318253967e-09
1396 10 -1.587301318253967e-09
10 1486 -1.190475853968253e-09
1486 10 -1.190475853968253e-09
10 1558 -1.190475853968254e-09
1558 10 -1.190475853968254e-09
10 1570 -1.587301130158731e-09
1570 10 -1.587301130158731e-09
10 1573 -1.587301318253968e-09
1573 10 -1.587301318253968e-09
10 1660 -1.587301499999996e-09
1660 10 -1.587301499999996e-09
11 11  7.142856282539685e-09
11 56  3.968253107142864e-10
56 11  3.968253107142864e-10
11 59  3.968253515872994e-10
59 11  3.968253515872994e-10
11 122  3.968253107142864e-10
122 11  3.968253107142864e-10
11 182  3.968253515872993e-10
182 11  3.968253515872993e-10
11 212  3.968252666666715e-10
212 11  3.968252666666715e-10
11 239  3.968253515872993e-10
239 11  3.968253515872993e-10
11 302  1.190476092063488e-09
302 11  1.190476092063488e-09
11 491 -2.380952190476185e-09
491 11 -2.380952190476185e-09
11 497 -1.190476142063491e-09
497 11 -1.190476142063491e-09
11 503 -2.380952203174596e-09
503 11 -2.380952203174596e-09
11 848 -2.380951933333338e-09
848 11 -2.380951933333338e-09
11 854 -1.190476154761903e-09
854 11 -1.190476154761903e-09
11 857 -2.380952203174596e-09
857 11 -2.380952203174596e-09
11 1370 -2.380951657142872e-09
1370 11 -2.380951657142872e-09
11 1379 -2.380951933333338e-09
1379 11 -2.380951933333338e-09
11 1382 -1.190476154761903e-09
1382 11 -1.190476154761903e-09
11 1385 -1.190476142063491e-09
1385 11 -1.190476142063491e-09
11 1388 -1.587301499999996e-09
1388 11 -1.587301499999996e-09
11 1391 -4.761903885714285e-09
1391 11 -4.761903885714285e-09
11 1394 -1.587301487301584e-09
1394 11 -1.587301487301584e-09
11 1397 -1.587301318253967e-09
1397 11 -1.587301318253967e-09
11 1487 -1.190475853968253e-09
1487 11 -1.190475853968253e-09
11 1559 -1.190475853968254e-09
1559 11 -1.190475853968254e-09
11 1571 -1.587301130158731e-09
1571 11 -1.587301130158731e-09
11 1574 -1.587301318253968e-09
1574 11 -1.587301318253968e-09
11 1661 -1.587301499999996e-09
1661 11 -1.587301499999996e-09
12 12  7.142856282539685e-09
12 57  3.968253107142864e-10
57 12  3.968253107142864e-10
12 60  3.968253515872994e-10
60 12  3.968253515872994e-10
12 123  3.968253107142864e-10
123 12  3.968253107142864e-10
12 183  3.968253515872993e-10
183 12  3.968253515872993e-10
12 213  3.968252666666715e-10
213 12  3.968252666666715e-10
12 240  3.968253515872993e-10
240 12  3.968253515872993e-10
12 303  1.190476092063488e-09
303 12  1.190476092063488e-09
12 492 -2.380952190476185e-09
492 12 -2.380952190476185e-09
12 498 -1.190476142063491e-09
498 12 -1.190476142063491e-09
12 504 -2.380952203174596e-09
504 12 -2.380952203174596e-09
12 849 -2.380951933333338e-09
849 12 -2.380951933333338e-09
12 855 -1.190476154761903e-09
855 12 -1.190476154761903e-09
12 858 -2.380952203174596e-09
858 12 -2.380952203174596e-09
12 1371 -2.380951657142872e-09
1371 12 -2.380951657142872e-09
12 1380 -2.380951933333338e-09
1380 12 -2.380951933333338e-09
12 1383 -1.190476154761903e-09
1383 12 -1.190476154761903e-09
12 1386 -1.190476142063491e-09
1386 12 -1.190476142063491e-09
12 1389 -1.587301499999996e-09
1389 12 -1.587301499999996e-09
12 1392 -4.761903885714285e-09
1392 12 -4.761903885714285e-09
12 1395 -1.587301487301584e-09
1395 12 -1.587301487301584e-09
12 1398 -1.587301318253967e-09
1398 12 -1.587301318253967e-09
12 1488 -1.190475853968253e-09
1488 12 -1.190475853968253e-09
12 1560 -1.190475853968254e-09
1560 12 -1.190475853968254e-09
12 1572 -1.587301130158731e-09
1572 12 -1.587301130158731e-09
12 1575 -1.587301318253968e-09
1575 12 -1.587301318253968e-09
12 1662 -1.587301499999996e-09
1662 12 -1.587301499999996e-09
13 13  7.804871325178711e-09
13 85  5.319619997232050e-10
85 13  5.319619997232050e-10
13 88  5.319618195377793e-10
88 13  5.319618195377793e-10
13 154  5.125666601686814e-10
154 13  5.125666601686814e-10
13 241  5.125668384590014e-10
241 13  5.125668384590014e-10
13 244  5.125664757275652e-10
244 13  5.125664757275652e-10
13 310  1.300811898383989e-09
310 13  1.300811898383989e-09
13 547 -3.075399935152305e-09
547 13 -3.075399935152305e-09
13 553 -3.075401017460386e-09
553 13 -3.075401017460386e-09
13 556 -1.537700497982844e-09
556 13 -1.537700497982844e-09
13 607 -3.191772001923374e-09
607 13 -3.191772001923374e-09
13 610 -1.537700497982843e-09
610 13 -1.537700497982843e-09
13 760 -3.075398856944754e-09
760 13 -3.075398856944754e-09
13 766 -1.537699431812331e-09
766 13 -1.537699431812331e-09
13 805 -3.191770915204434e-09
805 13 -3.191770915204434e-09
13 811 -1.537699423611266e-09
811 13 -1.537699423611266e-09
13 814 -5.203247587232467e-09
814 13 -5.203247587232467e-09
13 817 -2.127848010678027e-09
817 13 -2.127848010678027e-09
13 820 -1.654071515105084e-09
820 13 -1.654071515105084e-09
13 823 -2.127847284640261e-09
823 13 -2.127847284640261e-09
13 949 -2.050265909590156e-09
949 13 -2.050265909590156e-09
13 952 -2.050266627116535e-09
952 13 -2.050266627116535e-09
13 1531 -2.050267348743448e-09
1531 13 -2.050267348743448e-09
14 14  7.804871325178711e-09
14 86  5.319619997232050e-10
86 14  5.319619997232050e-10
14 89  5.319618195377793e-10
89 14  5.319618195377793e-10
14 155  5.125666601686814e-10
155 14  5.125666601686814e-10
14 242  5.125668384590014e-10
242 14  5.125668384590014e-10
14 245  5.125664757275652e-10
245 14  5.125664757275652e-10
14 311  1.300811898383989e-09
311 14  1.300811898383989e-09
14 548 -3.075399935152305e-09
548 14 -3.075399935152305e-09
14 554 -3.075401017460386e-09
554 14 -3.075401017460386e-09
14 557 -1.537700497982844e-09
557 14 -1.537700497982844e-09
14 608 -3.191772001923374e-09
608 14 -3.191772001923374e-09
14 611 -1.537700497982843e-09
611 14 -1.537700497982843e-09
14 761 -3.075398856944754e-09
761 14 -3.075398856944754e-09
14 767 -1.537699431812331e-09
767 14 -1.537699431812331e-09
14 806 -3.191770915204434e-09
806 14 -3.191770915204434e-09
14 812 -1.537699423611266e-09
812 14 -1.537699423611266e-09
14 815 -5.203247587232467e-09
815 14 -5.203247587232467e-09
14 818 -2.127848010678027e-09
818 14 -2.127848010678027e-09
14 821 -1.654071515105084e-09
821 14 -1.654071515105084e-09
14 824 -2.127847284640261e-09
824 14 -2.127847284640261e-09
14 950 -2.050265909590156e-09
950 14 -2.050265909590156e-09
14 953 -2.050266627116535e-09
953 14 -2.050266627116535e-09
14 1532 -2.050267348743448e-09
1532 14 -2.050267348743448e-09
15 15  7.804871325178711e-09
15 87  5.319619997232050e-10
87 15  5.319619997232050e-10
15 90  5.319618195377793e-10
90 15  5.319618195377793e-10
15 156  5.125666601686814e-10
156 15  5.125666601686814e-10
15 243  5.125668384590014e-10
243 15  5.125668384590014e-10
15 246  5.125664757275652e-10
246 15  5.125664757275652e-10
15 312  1.300811898383989e-09
312 15  1.300811898383989e-09
15 549 -3.075399935152305e-09
549 15 -3.075399935152305e-09
15 555 -3.075401017460386e-09
555 15 -3.075401017460386e-09
15 558 -1.537700497982844e-09
558 15 -1.537700497982844e-09
15 609 -3.191772001923374e-09
609 15 -3.191772001923374e-09
15 612 -1.537700497982843e-09
612 15 -1.537700497982843e-09
15 762 -3.075398856944754e-09
762 15 -3.075398856944754e-09
15 768 -1.537699431812331e-09
768 15 -1.537699431812331e-09
15 807 -3.191770915204434e-09
807 15 -3.191770915204434e-09
15 813 -1.537699423611266e-09
813 15 -1.537699423611266e-09
15 816 -5.203247587232467e-09
816 15 -5.203247587232467e-09
15 819 -2.127848010678027e-09
819 15 -2.127848010678027e-09
15 822 -1.654071515105084e-09
822 15 -1.654071515105084e-09
15 825 -2.127847284640261e-09
825 15 -2.127847284640261e-09
15 951 -2.050265909590156e-09
951 15 -2.050265909590156e-09
15 954 -2.050266627116535e-09
954 15 -2.050266627116535e-09
15 1533 -2.050267348743448e-09
1533 15 -2.050267348743448e-09
16 16  7.804864275962724e-09
16 112  5.319617004559432e-10
112 16  5.319617004559432e-10
16 115  5.125660981646808e-10
115 16  5.125660981646808e-10
16 118  5.319614332970673e-10
118 16  5.319614332970673e-10
16 208  5.125663609127012e-10
208 16  5.125663609127012e-10
16 211  5.125658313161344e-10
211 16  5.125658313161344e-10
16 295  1.300810722180230e-09
295 16  1.300810722180230e-09
16 463 -3.191770189763852e-09
463 16 -3.191770189763852e-09
16 703 -3.075396584589949e-09
703 16 -3.075396584589949e-09
16 709 -3.075398157804253e-09
709 16 -3.075398157804253e-09
16 715 -1.537699083267211e-09
715 16 -1.537699083267211e-09
16 721 -1.537699066865088e-09
721 16 -1.537699066865088e-09
16 724 -3.075395003174575e-09
724 16 -3.075395003174575e-09
16 736 -3.191768625371260e-09
736 16 -3.191768625371260e-09
16 739 -1.537697505125643e-09
739 16 -1.537697505125643e-09
16 742 -5.203242848293051e-09
742 16 -5.203242848293051e-09
16 745 -2.050265435978851e-09
745 16 -2.050265435978851e-09
16 748 -2.050264396461638e-09
748 16 -2.050264396461638e-09
16 751 -2.127845762567320e-09
751 16 -2.127845762567320e-09
16 754 -1.654071140182296e-09
754 16 -1.654071140182296e-09
16 757 -2.127846793262820e-09
757 16 -2.127846793262820e-09
16 862 -1.537697505125643e-09
862 16 -1.537697505125643e-09
16 1657 -2.050263348743358e-09
1657 16 -2.050263348743358e-09
17 17  7.804864275962724e-09
17 113  5.319617004559432e-10
113 17  5.319617004559432e-10
17 116  5.125660981646808e-10
116 17  5.125660981646808e-10
17 119  5.319614332970673e-10
119 17  5.319614332970673e-10
17 209  5.125663609127012e-10
209 17  5.125663609127012e-10
17 212  5.125658313161344e-10
212 17  5.125658313161344e-10
17 296  1.300810722180230e-09
296 17  1.300810722180230e-09
17 464 -3.191770189763852e-09
464 17 -3.191770189763852e-09
17 704 -3.075396584589949e-09
704 17 -3.075396584589949e-09
17 710 -3.075398157804253e-09
710 17 -3.075398157804253e-09
17 716 -1.537699083267211e-09
716 17 -1.537699083267211e-09
17 722 -1.537699066865088e-09
722 17 -1.537699066865088e-09
17 725 -3.075395003174575e-09
725 17 -3.075395003174575e-09
17 737 -3.191768625371260e-09
737 17 -3.191768625371260e-09
17 740 -1.537697505125643e-09
740 17 -1.537697505125643e-09
17 743 -5.203242848293051e-09
743 17 -5.203242848293051e-09
17 746 -2.050265435978851e-09
746 17 -2.050265435978851e-09
17 749 -2.050264396461638e-09
749 17 -2.050264396461638e-09
17 752 -2.127845762567320e-09
752 17 -2.127845762567320e-09
17 755 -1.654071140182296e-09
755 17 -1.654071140182296e-09
17 758 -2.127846793262820e-09
758 17 -2.127846793262820e-09
17 863 -1.537697505125643e-09
863 17 -1.537697505125643e-09
17 1658 -2.050263348743358e-09
1658 17 -2.050263348743358e-09
18 18  7.804864275962724e-09
18 114  5.319617004559432e-10
114 18  5.319617004559432e-10
18 117  5.125660981646808e-10
117 18  5.125660981646808e-10
18 120  5.319614332970673e-10
120 18  5.319614332970673e-10
18 210  5.125663609127012e-10
210 18  5.125663609127012e-10
18 213  5.125658313161344e-10
213 18  5.125658313161344e-10
18 297  1.300810722180230e-09
297 18  1.300810722180230e-09
18 465 -3.191770189763852e-09
465 18 -3.191770189763852e-09
18 705 -3.075396584589949e-09
705 18 -3.075396584589949e-09
18 711 -3.075398157804253e-09
711 18 -3.075398157804253e-09
18 717 -1.537699083267211e-09
717 18 -1.537699083267211e-09
18 723 -1.537699066865088e-09
723 18 -1.537699066865088e-09
18 726 -3.075395003174575e-09
726 18 -3.075395003174575e-09
18 738 -3.191768625371260e-09
738 18 -3.191768625371260e-09
18 741 -1.537697505125643e-09
741 18 -1.537697505125643e-09
18 744 -5.203242848293051e-09
744 18 -5.203242848293051e-09
18 747 -2.050265435978851e-09
747 18 -2.050265435978851e-09
18 750 -2.050264396461638e-09
750 18 -2.050264396461638e-09
18 753 -2.127845762567320e-09
753 18 -2.127845762567320e-09
18 756 -1.654071140182296e-09
756 18 -1.654071140182296e-09
18 759 -2.127846793262820e-09
759 18 -2.127846793262820e-09
18 864 -1.537697505125643e-09
864 18 -1.537697505125643e-09
18 1659 -2.050263348743358e-09
1659 18 -2.050263348743358e-09
19 19  6.374685812960645e-09
19 118  5.305311653702980e-10
118 19  5.305311653702980e-10
19 121  5.416143259816601e-10
121 19  5.416143259816601e-10
19 127  5.319164755208307e-10
127 19  5.319164755208307e-10
19 268  5.208333105654729e-10
268 19  5.208333105654729e-10
19 298  1.062447637121969e-09
298 19  1.062447637121969e-09
19 475 -3.124999917063480e-09
475 19 -3.124999917063480e-09
19 481 -3.191498801201012e-09
481 19 -3.191498801201012e-09
19 484 -1.562499977033728e-09
484 19 -1.562499977033728e-09
19 733 -3.183187019253625e-09
733 19 -3.183187019253625e-09
19 1375 -3.249685912079150e-09
1375 19 -3.249685912079150e-09
19 1447 -1.562499993700394e-09
1447 19 -1.562499993700394e-09
19 1489 -1.620687048573564e-09
1489 19 -1.620687048573564e-09
19 1495 -4.249790554876521e-09
1495 19 -4.249790554876521e-09
19 1498 -2.083333295932532e-09
1498 19 -2.083333295932532e-09
19 1501 -2.122124692834860e-09
1501 19 -2.122124692834860e-09
19 1504 -2.166457260093664e-09
1504 19 -2.166457260093664e-09
19 1507 -1.628998802296622e-09
1507 19 -1.628998802296622e-09
19 1510 -2.127665854503344e-09
1510 19 -2.127665854503344e-09
20 20  6.374685812960645e-09
20 119  5.305311653702980e-10
119 20  5.305311653702980e-10
20 122  5.416143259816601e-10
122 20  5.416143259816601e-10
20 128  5.319164755208307e-10
128 20  5.319164755208307e-10
20 269  5.208333105654729e-10
269 20  5.208333105654729e-10
20 299  1.062447637121969e-09
299 20  1.062447637121969e-09
20 476 -3.124999917063480e-09
476 20 -3.124999917063480e-09
20 482 -3.191498801201012e-09
482 20 -3.191498801201012e-09
20 485 -1.562499977033728e-09
485 20 -1.562499977033728e-09
20 734 -3.183187019253625e-09
734 20 -3.183187019253625e-09
20 1376 -3.249685912079150e-09
1376 20 -3.249685912079150e-09
20 1448 -1.562499993700394e-09
1448 20 -1.562499993700394e-09
20 1490 -1.620687048573564e-09
1490 20 -1.620687048573564e-09
20 1496 -4.249790554876521e-09
1496 20 -4.249790554876521e-09
20 1499 -2.083333295932532e-09
1499 20 -2.083333295932532e-09
20 1502 -2.122124692834860e-09
1502 20 -2.122124692834860e-09
20 1505 -2.166457260093664e-09
1505 20 -2.166457260093664e-09
20 1508 -1.628998802296622e-09
1508 20 -1.628998802296622e-09
20 1511 -2.127665854503344e-09
1511 20 -2.127665854503344e-09
21 21  6.374685812960645e-09
21 120  5.305311653702980e-10
120 21  5.305311653702980e-10
21 123  5.416143259816601e-10
123 21  5.416143259816601e-10
21 129  5.319164755208307e-10
129 21  5.319164755208307e-10
21 270  5.208333105654729e-10
270 21  5.208333105654729e-10
21 300  1.062447637121969e-09
300 21  1.062447637121969e-09
21 477 -3.124999917063480e-09
477 21 -3.124999917063480e-09
21 483 -3.191498801201012e-09
483 21 -3.191498801201012e-09
21 486 -1.562499977033728e-09
486 21 -1.562499977033728e-09
21 735 -3.183187019253625e-09
735 21 -3.183187019253625e-09
21 1377 -3.249685912079150e-09
1377 21 -3.249685912079150e-09
21 1449 -1.562499993700394e-09
1449 21 -1.562499993700394e-09
21 1491 -1.620687048573564e-09
1491 21 -1.620687048573564e-09
21 1497 -4.249790554876521e-09
1497 21 -4.249790554876521e-09
21 1500 -2.083333295932532e-09
1500 21 -2.083333295932532e-09
21 1503 -2.122124692834860e-09
1503 21 -2.122124692834860e-09
21 1506 -2.166457260093664e-09
1506 21 -2.166457260093664e-09
21 1509 -1.628998802296622e-09
1509 21 -1.628998802296622e-09
21 1512 -2.127665854503344e-09
1512 21 -2.127665854503344e-09
22 22  6.374687060589177e-09
22 124  5.305312550280339e-10
124 22  5.305312550280339e-10
22 151  5.319165956896211e-10
151 22  5.319165956896211e-10
22 154  5.416144181885216e-10
154 22  5.416144181885216e-10
22 214  5.208334282737985e-10
214 22  5.208334282737985e-10
22 304  1.062447850410176e-09
304 22  1.062447850410176e-09
22 505 -4.249791394359948e-09
505 22 -4.249791394359948e-09
22 508 -2.166457622989808e-09
508 22 -2.166457622989808e-09
22 511 -3.249686455045019e-09
511 22 -3.249686455045019e-09
22 514 -1.628999172622344e-09
514 22 -1.628999172622344e-09
22 517 -3.191499530901725e-09
517 22 -3.191499530901725e-09
22 520 -2.127666348033149e-09
520 22 -2.127666348033149e-09
22 523 -3.183187547279410e-09
523 22 -3.183187547279410e-09
22 541 -2.122125045711843e-09
541 22 -2.122125045711843e-09
22 544 -1.620687223970393e-09
544 22 -1.620687223970393e-09
22 625 -1.562500348908721e-09
625 22 -1.562500348908721e-09
22 628 -3.125000631646783e-09
628 22 -3.125000631646783e-09
22 946 -1.562500340575383e-09
946 22 -1.562500340575383e-09
22 1642 -2.083333779265850e-09
1642 22 -2.083333779265850e-09
23 23  6.374687060589177e-09
23 125  5.305312550280339e-10
125 23  5.305312550280339e-10
23 152  5.319165956896211e-10
152 23  5.319165956896211e-10
23 155  5.416144181885216e-10
155 23  5.416144181885216e-10
23 215  5.208334282737985e-10
215 23  5.208334282737985e-10
23 305  1.062447850410176e-09
305 23  1.062447850410176e-09
23 506 -4.249791394359948e-09
506 23 -4.249791394359948e-09
23 509 -2.166457622989808e-09
509 23 -2.166457622989808e-09
23 512 -3.249686455045019e-09
512 23 -3.249686455045019e-09
23 515 -1.628999172622344e-09
515 23 -1.628999172622344e-09
23 518 -3.191499530901725e-09
518 23 -3.191499530901725e-09
23 521 -2.127666348033149e-09
521 23 -2.127666348033149e-09
23 524 -3.183187547279410e-09
524 23 -3.183187547279410e-09
23 542 -2.122125045711843e-09
542 23 -2.122125045711843e-09
23 545 -1.620687223970393e-09
545 23 -1.620687223970393e-09
23 626 -1.562500348908721e-09
626 23 -1.562500348908721e-09
23 629 -3.125000631646783e-09
629 23 -3.125000631646783e-09
23 947 -1.562500340575383e-09
947 23 -1.562500340575383e-09
23 1643 -2.083333779265850e-09
1643 23 -2.083333779265850e-09
24 24  6.374687060589177e-09
24 126  5.305312550280339e-10
126 24  5.305312550280339e-10
24 153  5.319165956896211e-10
153 24  5.319165956896211e-10
24 156  5.416144181885216e-10
156 24  5.416144181885216e-10
24 216  5.208334282737985e-10
216 24  5.208334282737985e-10
24 306  1.062447850410176e-09
306 24  1.062447850410176e-09
24 507 -4.249791394359948e-09
507 24 -4.249791394359948e-09
24 510 -2.166457622989808e-09
510 24 -2.166457622989808e-09
24 513 -3.249686455045019e-09
513 24 -3.249686455045019e-09
24 516 -1.628999172622344e-09
516 24 -1.628999172622344e-09
24 519 -3.191499530901725e-09
519 24 -3.191499530901725e-09
24 522 -2.127666348033149e-09
522 24 -2.127666348033149e-09
24 525 -3.183187547279410e-09
525 24 -3.183187547279410e-09
24 543 -2.122125045711843e-09
543 24 -2.122125045711843e-09
24 546 -1.620687223970393e-09
546 24 -1.620687223970393e-09
24 627 -1.562500348908721e-09
627 24 -1.562500348908721e-09
24 630 -3.125000631646783e-09
630 24 -3.125000631646783e-09
24 948 -1.562500340575383e-09
948 24 -1.562500340575383e-09
24 1644 -2.083333779265850e-09
1644 24 -2.083333779265850e-09
25 25  1.181583788089590e-08
25 82  5.429997990320920e-10
82 25  5.429997990320920e-10
25 85  5.513576225732662e-10
85 25  5.513576225732662e-10
25 157  7.057725850494780e-10
157 25  7.057725850494780e-10
25 241  7.163537885362605e-10
241 25  7.163537885362605e-10
25 307  1.161664792061376e-09
307 25  1.161664792061376e-09
25 313  1.165890129190064e-09
313 25  1.165890129190064e-09
25 532 -2.644051407994226e-09
532 25 -2.644051407994226e-09
25 565 -3.191770596856376e-09
565 25 -3.191770596856376e-09
25 577 -1.654074762789990e-09
577 25 -1.654074762789990e-09
25 580 -3.308147639331514e-09
580 25 -3.308147639331514e-09
25 583 -2.205432394184990e-09
583 25 -2.205432394184990e-09
25 586 -4.663553499614731e-09
586 25 -4.663553499614731e-09
25 589 -2.127847595281529e-09
589 25 -2.127847595281529e-09
25 592 -2.149489329766971e-09
592 25 -2.149489329766971e-09
25 595 -4.646660184948810e-09
595 25 -4.646660184948810e-09
25 598 -2.865417013719935e-09
598 25 -2.865417013719935e-09
25 601 -2.735623040522973e-09
601 25 -2.735623040522973e-09
25 610 -1.654074780433456e-09
610 25 -1.654074780433456e-09
25 613 -3.191501130561481e-09
613 25 -3.191501130561481e-09
25 616 -1.562501789285798e-09
616 25 -1.562501789285798e-09
25 622 -2.127667370428758e-09
622 25 -2.127667370428758e-09
25 634 -3.257998607728605e-09
634 25 -3.257998607728605e-09
25 646 -2.696940148512513e-09
646 25 -2.696940148512513e-09
25 649 -1.628999217148322e-09
649 25 -1.628999217148322e-09
25 652 -2.605637167113188e-09
652 25 -2.605637167113188e-09
25 655 -2.823091325331673e-09
655 25 -2.823091325331673e-09
25 1540 -1.628999208460330e-09
1540 25 -1.628999208460330e-09
25 1798 -1.537697443221016e-09
1798 25 -1.537697443221016e-09
25 1801 -2.171999005320422e-09
1801 25 -2.171999005320422e-09
26 26  1.181583788089590e-08
26 83  5.429997990320920e-10
83 26  5.429997990320920e-10
26 86  5.513576225732662e-10
86 26  5.513576225732662e-10
26 158  7.057725850494780e-10
158 26  7.057725850494780e-10
26 242  7.163537885362605e-10
242 26  7.163537885362605e-10
26 308  1.161664792061376e-09
308 26  1.161664792061376e-09
26 314  1.165890129190064e-09
314 26  1.165890129190064e-09
26 533 -2.644051407994226e-09
533 26 -2.644051407994226e-09
26 566 -3.191770596856376e-09
566 26 -3.191770596856376e-09
26 578 -1.654074762789990e-09
578 26 -1.654074762789990e-09
26 581 -3.308147639331514e-09
581 26 -3.308147639331514e-09
26 584 -2.205432394184990e-09
584 26 -2.205432394184990e-09
26 587 -4.663553499614731e-09
587 26 -4.663553499614731e-09
26 590 -2.127847595281529e-09
590 26 -2.127847595281529e-09
26 593 -2.149489329766971e-09
593 26 -2.149489329766971e-09
26 596 -4.646660184948810e-09
596 26 -4.646660184948810e-09
26 599 -2.865417013719935e-09
599 26 -2.865417013719935e-09
26 602 -2.735623040522973e-09
602 26 -2.735623040522973e-09
26 611 -1.654074780433456e-09
611 26 -1.654074780433456e-09
26 614 -3.191501130561481e-09
614 26 -3.191501130561481e-09
26 617 -1.562501789285798e-09
617 26 -1.562501789285798e-09
26 623 -2.127667370428758e-09
623 26 -2.127667370428758e-09
26 635 -3.257998607728605e-09
635 26 -3.257998607728605e-09
26 647 -2.696940148512513e-09
647 26 -2.696940148512513e-09
26 650 -1.628999217148322e-09
650 26 -1.628999217148322e-09
26 653 -2.605637167113188e-09
653 26 -2.605637167113188e-09
26 656 -2.823091325331673e-09
656 26 -2.823091325331673e-09
26 1541 -1.628999208460330e-09
1541 26 -1.628999208460330e-09
26 1799 -1.537697443221016e-09
1799 26 -1.537697443221016e-09
26 1802 -2.171999005320422e-09
1802 26 -2.171999005320422e-09
27 27  1.181583788089590e-08
27 84  5.429997990320920e-10
84 27  5.429997990320920e-10
27 87  5.513576225732662e-10
87 27  5.513576225732662e-10
27 159  7.057725850494780e-10
159 27  7.057725850494780e-10
27 243  7.163537885362605e-10
243 27  7.163537885362605e-10
27 309  1.161664792061376e-09
309 27  1.161664792061376e-09
27 315  1.165890129190064e-09
315 27  1.165890129190064e-09
27 534 -2.644051407994226e-09
534 27 -2.644051407994226e-09
27 567 -3.191770596856376e-09
567 27 -3.191770596856376e-09
27 579 -1.654074762789990e-09
579 27 -1.654074762789990e-09
27 582 -3.308147639331514e-09
582 27 -3.308147639331514e-09
27 585 -2.205432394184990e-09
585 27 -2.205432394184990e-09
27 588 -4.663553499614731e-09
588 27 -4.663553499614731e-09
27 591 -2.127847595281529e-09
591 27 -2.127847595281529e-09
27 594 -2.149489329766971e-09
594 27 -2.149489329766971e-09
27 597 -4.646660184948810e-09
597 27 -4.646660184948810e-09
27 600 -2.865417013719935e-09
600 27 -2.865417013719935e-09
27 603 -2.735623040522973e-09
603 27 -2.735623040522973e-09
27 612 -1.654074780433456e-09
612 27 -1.654074780433456e-09
27 615 -3.191501130561481e-09
615 27 -3.191501130561481e-09
27 618 -1.562501789285798e-09
618 27 -1.562501789285798e-09
27 624 -2.127667370428758e-09
624 27 -2.127667370428758e-09
27 636 -3.257998607728605e-09
636 27 -3.257998607728605e-09
27 648 -2.696940148512513e-09
648 27 -2.696940148512513e-09
27 651 -1.628999217148322e-09
651 27 -1.628999217148322e-09
27 654 -2.605637167113188e-09
654 27 -2.605637167113188e-09
27 657 -2.823091325331673e-09
657 27 -2.823091325331673e-09
27 1542 -1.628999208460330e-09
1542 27 -1.628999208460330e-09
27 1800 -1.537697443221016e-09
1800 27 -1.537697443221016e-09
27 1803 -2.171999005320422e-09
1803 27 -2.171999005320422e-09
28 28  1.559065752104704e-08
28 31  7.936505301587173e-10
31 28  7.936505301587173e-10
28 157  9.023959677333245e-10
157 28  9.023959677333245e-10
28 160  7.936500507936263e-10
160 28  7.936500507936263e-10
28 184  9.023963384174989e-10
184 28  9.023963384174989e-10
28 187  7.936500507936264e-10
187 28  7.936500507936264e-10
28 313  1.011143371284852e-09
313 28  1.011143371284852e-09
28 316  2.085878154410870e-09
316 28  2.085878154410870e-09
28 559 -3.033427993809137e-09
559 28 -3.033427993809137e-09
28 562 -1.537698809556783e-09
562 28 -1.537698809556783e-09
28 565 -3.075394976124441e-09
565 28 -3.075394976124441e-09
28 568 -2.050263741600564e-09
568 28 -2.050263741600564e-09
28 571 -4.044567116229306e-09
571 28 -4.044567116229306e-09
28 574 -3.609585957821678e-09
574 28 -3.609585957821678e-09
28 643 -3.876679708385854e-09
643 28 -3.876679708385854e-09
28 652 -3.033425861072516e-09
652 28 -3.033425861072516e-09
28 802 -2.991458866496365e-09
802 28 -2.991458866496365e-09
28 904 -3.876680422174859e-09
904 28 -3.876680422174859e-09
28 1159 -8.343508876762798e-09
1159 28 -8.343508876762798e-09
28 1162 -3.609584552167700e-09
1162 28 -3.609584552167700e-09
28 1420 -4.761903130158680e-09
1420 28 -4.761903130158680e-09
28 1429 -2.380952511111105e-09
1429 28 -2.380952511111105e-09
28 1432 -4.761902196825326e-09
1432 28 -4.761902196825326e-09
28 1462 -3.174603987301560e-09
1462 28 -3.174603987301560e-09
28 1465 -3.174603053968213e-09
1465 28 -3.174603053968213e-09
28 1630 -2.380952511111103e-09
1630 28 -2.380952511111103e-09
28 1633 -4.761902196825326e-09
1633 28 -4.761902196825326e-09
28 1636 -3.174603053968212e-09
1636 28 -3.174603053968212e-09
28 1738 -2.380950619047583e-09
1738 28 -2.380950619047583e-09
28 1747 -2.380950619047584e-09
1747 28 -2.380950619047584e-09
28 1798 -1.537697439120490e-09
1798 28 -1.537697439120490e-09
29 29  1.559065752104704e-08
29 32  7.936505301587173e-10
32 29  7.936505301587173e-10
29 158  9.023959677333245e-10
158 29  9.023959677333245e-10
29 161  7.936500507936263e-10
161 29  7.936500507936263e-10
29 185  9.023963384174989e-10
185 29  9.023963384174989e-10
29 188  7.936500507936264e-10
188 29  7.936500507936264e-10
29 314  1.011143371284852e-09
314 29  1.011143371284852e-09
29 317  2.085878154410870e-09
317 29  2.085878154410870e-09
29 560 -3.033427993809137e-09
560 29 -3.033427993809137e-09
29 563 -1.537698809556783e-09
563 29 -1.537698809556783e-09
29 566 -3.075394976124441e-09
566 29 -3.075394976124441e-09
29 569 -2.050263741600564e-09
569 29 -2.050263741600564e-09
29 572 -4.044567116229306e-09
572 29 -4.044567116229306e-09
29 575 -3.609585957821678e-09
575 29 -3.609585957821678e-09
29 644 -3.876679708385854e-09
644 29 -3.876679708385854e-09
29 653 -3.033425861072516e-09
653 29 -3.033425861072516e-09
29 803 -2.991458866496365e-09
803 29 -2.991458866496365e-09
29 905 -3.876680422174859e-09
905 29 -3.876680422174859e-09
29 1160 -8.343508876762798e-09
1160 29 -8.343508876762798e-09
29 1163 -3.609584552167700e-09
1163 29 -3.609584552167700e-09
29 1421 -4.761903130158680e-09
1421 29 -4.761903130158680e-09
29 1430 -2.380952511111105e-09
1430 29 -2.380952511111105e-09
29 1433 -4.761902196825326e-09
1433 29 -4.761902196825326e-09
29 1463 -3.174603987301560e-09
1463 29 -3.174603987301560e-09
29 1466 -3.174603053968213e-09
1466 29 -3.174603053968213e-09
29 1631 -2.380952511111103e-09
1631 29 -2.380952511111103e-09
29 1634 -4.761902196825326e-09
1634 29 -4.761902196825326e-09
29 1637 -3.174603053968212e-09
1637 29 -3.174603053968212e-09
29 1739 -2.380950619047583e-09
1739 29 -2.380950619047583e-09
29 1748 -2.380950619047584e-09
1748 29 -2.380950619047584e-09
29 1799 -1.537697439120490e-09
1799 29 -1.537697439120490e-09
30 30  1.559065752104704e-08
30 33  7.936505301587173e-10
33 30  7.936505301587173e-10
30 159  9.023959677333245e-10
159 30  9.023959677333245e-10
30 162  7.936500507936263e-10
162 30  7.936500507936263e-10
30 186  9.023963384174989e-10
186 30  9.023963384174989e-10
30 189  7.936500507936264e-10
189 30  7.936500507936264e-10
30 315  1.011143371284852e-09
315 30  1.011143371284852e-09
30 318  2.085878154410870e-09
318 30  2.085878154410870e-09
30 561 -3.033427993809137e-09
561 30 -3.033427993809137e-09
30 564 -1.537698809556783e-09
564 30 -1.537698809556783e-09
30 567 -3.075394976124441e-09
567 30 -3.075394976124441e-09
30 570 -2.050263741600564e-09
570 30 -2.050263741600564e-09
30 573 -4.044567116229306e-09
573 30 -4.044567116229306e-09
30 576 -3.609585957821678e-09
576 30 -3.609585957821678e-09
30 645 -3.876679708385854e-09
645 30 -3.876679708385854e-09
30 654 -3.033425861072516e-09
654 30 -3.033425861072516e-09
30 804 -2.991458866496365e-09
804 30 -2.991458866496365e-09
30 906 -3.876680422174859e-09
906 30 -3.876680422174859e-09
30 1161 -8.343508876762798e-09
1161 30 -8.343508876762798e-09
30 1164 -3.609584552167700e-09
1164 30 -3.609584552167700e-09
30 1422 -4.761903130158680e-09
1422 30 -4.761903130158680e-09
30 1431 -2.380952511111105e-09
1431 30 -2.380952511111105e-09
30 1434 -4.761902196825326e-09
1434 30 -4.761902196825326e-09
30 1464 -3.174603987301560e-09
1464 30 -3.174603987301560e-09
30 1467 -3.174603053968213e-09
1467 30 -3.174603053968213e-09
30 1632 -2.380952511111103e-09
1632 30 -2.380952511111103e-09
30 1635 -4.761902196825326e-09
1635 30 -4.761902196825326e-09
30 1638 -3.174603053968212e-09
1638 30 -3.174603053968212e-09
30 1740 -2.380950619047583e-09
