1 1  1.000000000000000e+36
1 2 -8.794265385835057e+01
2 1 -8.794265385835057e+01
1 3  8.840810652501722e+01
3 1  8.840810652501722e+01
1 25 -1.116050416142510e+02
25 1 -1.116050416142510e+02
1 26  6.620121466666669e+01
26 1  6.620121466666669e+01
1 27  6.666666733333336e+01
27 1  6.666666733333336e+01
1 82 -3.163997842546340e+02
82 1 -3.163997842546340e+02
1 83 -2.083340854164945e+01
83 1 -2.083340854164945e+01
1 84  2.083340854164950e+01
84 1  2.083340854164950e+01
1 124 -1.120497486845438e+02
124 1 -1.120497486845438e+02
1 125 -6.666666733333332e+01
125 1 -6.666666733333332e+01
1 126 -6.713212000000001e+01
126 1 -6.713212000000001e+01
1 241  1.320963748434076e+02
241 1  1.320963748434076e+02
1 242 -2.409181960000000e+01
242 1 -2.409181960000000e+01
1 243  2.455727226666667e+01
243 1  2.455727226666667e+01
1 304 -1.273905616582302e+02
304 1 -1.273905616582302e+02
1 305  1.333333346666666e+02
305 1  1.333333346666666e+02
1 306 -1.333333346666667e+02
306 1 -1.333333346666667e+02
2 2  1.000000000000000e+36
2 3  9.031592972262443e+01
3 2  9.031592972262443e+01
2 25  6.620121466666669e+01
25 2  6.620121466666669e+01
2 26 -2.900876443788544e+02
26 2 -2.900876443788544e+02
2 27 -1.120573739148393e+02
27 2 -1.120573739148393e+02
2 82 -2.083340854164945e+01
82 2 -2.083340854164945e+01
2 83 -1.775087393335973e+02
83 2 -1.775087393335973e+02
2 84 -8.750009600000004e+01
84 2 -8.750009600000004e+01
2 124 -6.666666733333332e+01
124 2 -6.666666733333332e+01
2 125 -1.565192898301225e+02
125 2 -1.565192898301225e+02
2 126 -1.115919211411185e+02
126 2 -1.115919211411185e+02
2 241 -2.409181960000000e+01
241 2 -2.409181960000000e+01
2 242  4.403212494780254e+01
242 2  4.403212494780254e+01
2 243  8.750009600000004e+01
243 2  8.750009600000004e+01
2 304  1.333333346666666e+02
304 2  1.333333346666666e+02
2 305  6.731489138129203e+01
305 2  6.731489138129203e+01
2 306  1.333333653333333e+02
306 2  1.333333653333333e+02
3 3  1.000000000000000e+36
3 25  6.666666733333336e+01
25 3  6.666666733333336e+01
3 26 -1.120573739148393e+02
26 3 -1.120573739148393e+02
3 27 -1.574525168622409e+02
27 3 -1.574525168622409e+02
3 82  2.083340854164950e+01
82 3  2.083340854164950e+01
3 83 -8.750009600000004e+01
83 3 -8.750009600000004e+01
3 84 -1.781784742980120e+02
84 3 -1.781784742980120e+02
3 124 -6.713212000000001e+01
124 3 -6.713212000000001e+01
3 125 -1.115919211411185e+02
125 3 -1.115919211411185e+02
3 126 -2.905473303555490e+02
126 3 -2.905473303555490e+02
3 241  2.455727226666667e+01
241 3  2.455727226666667e+01
3 242  8.750009600000004e+01
242 3  8.750009600000004e+01
3 243  4.403212494780254e+01
243 3  4.403212494780254e+01
3 304 -1.333333346666667e+02
304 3 -1.333333346666667e+02
3 305  1.333333653333333e+02
305 3  1.333333653333333e+02
3 306  6.833543902374041e+01
306 3  6.833543902374041e+01
4 4  1.000000000000000e+36
4 5  1.816398637786879e+00
5 4  1.816398637786879e+00
4 6  1.816398637786877e+00
6 4  1.816398637786877e+00
4 25 -1.453856976431134e+02
25 4 -1.453856976431134e+02
4 26  1.055555433333334e+02
26 4  1.055555433333334e+02
4 27  6.666666733333336e+01
27 4  6.666666733333336e+01
4 28 -2.552526493763057e+02
28 4 -2.552526493763057e+02
4 29  2.596139269554644e+01
29 4  2.596139269554644e+01
4 30  2.596139269554644e+01
30 4  2.596139269554644e+01
4 85 -1.453857112973241e+02
85 4 -1.453857112973241e+02
4 86  6.666666733333335e+01
86 4  6.666666733333335e+01
4 87  1.055555433333334e+02
87 4  1.055555433333334e+02
4 157  4.575067954319010e+01
157 4  4.575067954319010e+01
4 158 -8.611106306666669e+01
158 4 -8.611106306666669e+01
4 159  1.944448026666667e+01
159 4  1.944448026666667e+01
4 184  4.575066011650816e+01
184 4  4.575066011650816e+01
4 185  1.944439573333333e+01
185 4  1.944439573333333e+01
4 186 -8.611114760000002e+01
186 4 -8.611114760000002e+01
4 274 -5.217806445057511e+01
274 4 -5.217806445057511e+01
4 275 -1.333333346666667e+02
275 4 -1.333333346666667e+02
4 276 -1.333333346666667e+02
276 4 -1.333333346666667e+02
5 5  1.000000000000000e+36
5 6  1.870725617222253e+02
6 5  1.870725617222253e+02
5 25  1.055555433333334e+02
25 5  1.055555433333334e+02
5 26 -2.879720484358098e+02
26 5 -2.879720484358098e+02
5 27 -7.318359659443627e+01
27 5 -7.318359659443627e+01
5 28  2.596139269554644e+01
28 5  2.596139269554644e+01
5 29 -7.994985264604273e+01
29 5 -7.994985264604273e+01
5 30  4.070528399999996e+01
30 5  4.070528399999996e+01
5 85  6.666666733333335e+01
85 5  6.666666733333335e+01
5 86 -1.128067734632256e+02
86 5 -1.128067734632256e+02
5 87 -7.318368112778904e+01
87 5 -7.318368112778904e+01
5 157 -8.611106306666669e+01
157 5 -8.611106306666669e+01
5 158  4.575067954319010e+01
158 5  4.575067954319010e+01
5 159  2.596139866666669e+01
159 5  2.596139866666669e+01
5 184  1.944439573333333e+01
184 5  1.944439573333333e+01
5 185  1.372519803495245e+02
185 5  1.372519803495245e+02
5 186  2.596139866666670e+01
186 5  2.596139866666670e+01
5 274 -1.333333346666667e+02
274 5 -1.333333346666667e+02
5 275 -2.443024441203590e+02
275 5 -2.443024441203590e+02
5 276 -1.333333653333333e+02
276 5 -1.333333653333333e+02
6 6  1.000000000000000e+36
6 25  6.666666733333336e+01
25 6  6.666666733333336e+01
6 26 -7.318359659443627e+01
26 6 -7.318359659443627e+01
6 27 -1.128066750724045e+02
27 6 -1.128066750724045e+02
6 28  2.596139269554644e+01
28 6  2.596139269554644e+01
6 29  4.070528399999996e+01
29 6  4.070528399999996e+01
6 30 -7.994988958134081e+01
30 6 -7.994988958134081e+01
6 85  1.055555433333334e+02
85 6  1.055555433333334e+02
6 86 -7.318368112778904e+01
86 6 -7.318368112778904e+01
6 87 -2.879721821137588e+02
87 6 -2.879721821137588e+02
6 157  1.944448026666667e+01
157 6  1.944448026666667e+01
6 158  2.596139866666669e+01
158 6  2.596139866666669e+01
6 159  1.372520386295703e+02
159 6  1.372520386295703e+02
6 184 -8.611114760000002e+01
184 6 -8.611114760000002e+01
6 185  2.596139866666670e+01
185 6  2.596139866666670e+01
6 186  4.575066011650816e+01
186 6  4.575066011650816e+01
6 274 -1.333333346666667e+02
274 6 -1.333333346666667e+02
6 275 -1.333333653333333e+02
275 6 -1.333333653333333e+02
6 276 -2.443024468813163e+02
276 6 -2.443024468813163e+02
7 7  1.000000000000000e+36
7 8 -6.666679186666670e+01
8 7 -6.666679186666670e+01
7 9 -6.666679186666668e+01
9 7 -6.666679186666668e+01
7 52 -1.999997725333246e+02
52 7 -1.999997725333246e+02
7 53  1.960000000167383e-05
53 7  1.960000000167383e-05
7 54  1.959999999456841e-05
54 7  1.959999999456841e-05
7 55 -6.666643786691627e+01
55 7 -6.666643786691627e+01
7 56  9.466666666924084e-05
56 7  9.466666666924084e-05
7 57 -6.666657266666670e+01
57 7 -6.666657266666670e+01
7 115 -6.666643786662576e+01
115 7 -6.666643786662576e+01
7 116 -6.666665706666670e+01
116 7 -6.666665706666670e+01
7 117  1.026666667058862e-05
117 7  1.026666667058862e-05
7 310 -4.589334858644234e-04
310 7 -4.589334858644234e-04
7 311  1.333333346666667e+02
311 7  1.333333346666667e+02
7 312  1.333333346666667e+02
312 7  1.333333346666667e+02
8 8  1.000000000000000e+36
8 9  6.666679186666667e+01
9 8  6.666679186666667e+01
8 52  1.960000000167383e-05
52 8  1.960000000167383e-05
8 53 -6.666651293329092e+01
53 8 -6.666651293329092e+01
8 54  6.666664773333336e+01
54 8  6.666664773333336e+01
8 55  9.466666666924084e-05
55 8  9.466666666924084e-05
8 56 -1.999998476001315e+02
56 8 -1.999998476001315e+02
8 57 -9.466666664792456e-05
57 8 -9.466666664792456e-05
8 115 -6.666665706666670e+01
115 8 -6.666665706666670e+01
8 116 -6.666651293326930e+01
116 8 -6.666651293326930e+01
8 117 -1.026666665637777e-05
117 8 -1.026666665637777e-05
8 310  1.333333346666667e+02
310 8  1.333333346666667e+02
8 311 -3.088001756712938e-04
311 8 -3.088001756712938e-04
8 312 -1.333333346666667e+02
312 8 -1.333333346666667e+02
9 9  1.000000000000000e+36
9 52  1.959999999456841e-05
52 9  1.959999999456841e-05
9 53  6.666664773333336e+01
53 9  6.666664773333336e+01
9 54 -6.666642853334055e+01
54 9 -6.666642853334055e+01
9 55 -6.666657266666670e+01
55 9 -6.666657266666670e+01
9 56 -9.466666664792456e-05
56 9 -9.466666664792456e-05
9 57 -6.666642853360946e+01
57 9 -6.666642853360946e+01
9 115  1.026666667058862e-05
115 9  1.026666667058862e-05
9 116 -1.026666665637777e-05
116 9 -1.026666665637777e-05
9 117 -1.999997631999738e+02
117 9 -1.999997631999738e+02
9 310  1.333333346666667e+02
310 9  1.333333346666667e+02
9 311 -1.333333346666667e+02
311 9 -1.333333346666667e+02
9 312 -4.776001260057397e-04
312 9 -4.776001260057397e-04
10 10  1.000000000000000e+36
10 11  1.206942144000000e+02
11 10  1.206942144000000e+02
10 12 -1.189638270666667e+02
12 10 -1.189638270666667e+02
10 55 -7.919192993640905e+01
55 10 -7.919192993640905e+01
10 56  2.783407466666688e+00
56 10  2.783407466666688e+00
10 57 -6.388325986666669e+01
57 10 -6.388325986666669e+01
10 58 -2.059386361856580e+02
58 10 -2.059386361856580e+02
10 59  9.855712800000020e+00
59 10  9.855712800000020e+00
10 60 -9.855712799999992e+00
60 10 -9.855712799999992e+00
10 121 -7.326836739728923e+01
121 10 -7.326836739728923e+01
10 122  6.215287253333335e+01
122 10  6.215287253333335e+01
10 123 -4.513794799999989e+00
123 10 -4.513794799999989e+00
10 181  6.205371440919652e+01
181 10  6.205371440919652e+01
10 182 -7.118046213333338e+01
182 10 -7.118046213333338e+01
10 183 -2.783407466666674e+00
183 10 -2.783407466666674e+00
10 211  1.737484169518197e+02
211 10  1.737484169518197e+02
10 212  4.513794800000007e+00
212 10  4.513794800000007e+00
10 213 -2.783407466666663e+00
213 10 -2.783407466666663e+00
10 238  6.335425672063351e+01
238 10  6.335425672063351e+01
10 239  4.513794800000017e+00
239 10  4.513794800000017e+00
10 240  6.945007480000001e+01
240 10  6.945007480000001e+01
10 286 -5.566464635700371e+02
286 10 -5.566464635700371e+02
10 287 -1.333333346666667e+02
287 10 -1.333333346666667e+02
10 288  1.333333346666667e+02
288 10  1.333333346666667e+02
11 11  1.000000000000000e+36
11 12 -1.260361324000000e+02
12 11 -1.260361324000000e+02
11 55  2.783407466666688e+00
55 11  2.783407466666688e+00
11 56 -2.254501911080718e+02
56 11 -2.254501911080718e+02
11 57 -2.783407466666660e+00
57 11 -2.783407466666660e+00
11 58  9.855712800000020e+00
58 11  9.855712800000020e+00
11 59 -6.093834930615476e+01
59 11 -6.093834930615476e+01
11 60 -5.681095453333335e+01
60 11 -5.681095453333335e+01
11 121  6.215287253333335e+01
121 11  6.215287253333335e+01
11 122 -7.945445584183074e+01
122 11 -7.945445584183074e+01
11 123 -4.513794800000007e+00
123 11 -4.513794800000007e+00
11 181 -7.118046213333338e+01
181 11 -7.118046213333338e+01
11 182  6.205371440919652e+01
182 11  6.205371440919652e+01
11 183 -9.855712800000010e+00
183 11 -9.855712800000010e+00
11 211  4.513794800000007e+00
211 11  4.513794800000007e+00
11 212  5.791613898393989e+01
212 11  5.791613898393989e+01
11 213  7.652238013333337e+01
213 11  7.652238013333337e+01
11 238  4.513794800000017e+00
238 11  4.513794800000017e+00
11 239  1.900627701619006e+02
239 11  1.900627701619006e+02
11 240 -9.855712800000003e+00
240 11 -9.855712800000003e+00
11 286 -1.333333346666667e+02
286 11 -1.333333346666667e+02
11 287 -5.654319213303643e+02
287 11 -5.654319213303643e+02
11 288  1.333333346666667e+02
288 11  1.333333346666667e+02
12 12  1.000000000000000e+36
12 55 -6.388325986666669e+01
55 12 -6.388325986666669e+01
12 56 -2.783407466666660e+00
56 12 -2.783407466666660e+00
12 57 -8.409462316254455e+01
57 12 -8.409462316254455e+01
12 58 -9.855712799999992e+00
58 12 -9.855712799999992e+00
12 59 -5.681095453333335e+01
59 12 -5.681095453333335e+01
12 60 -5.966351076981046e+01
60 12 -5.966351076981046e+01
12 121 -4.513794799999989e+00
121 12 -4.513794799999989e+00
12 122 -4.513794800000007e+00
122 12 -4.513794800000007e+00
12 123 -2.206462744764467e+02
123 12 -2.206462744764467e+02
12 181 -2.783407466666674e+00
181 12 -2.783407466666674e+00
12 182 -9.855712800000010e+00
182 12 -9.855712800000010e+00
12 183  1.861611432275895e+02
183 12  1.861611432275895e+02
12 211 -2.783407466666663e+00
211 12 -2.783407466666663e+00
12 212  7.652238013333337e+01
212 12  7.652238013333337e+01
12 213  5.791613898393989e+01
213 12  5.791613898393989e+01
12 238  6.945007480000001e+01
238 12  6.945007480000001e+01
12 239 -9.855712800000003e+00
239 12 -9.855712800000003e+00
12 240  6.335425672063353e+01
240 12  6.335425672063353e+01
12 286  1.333333346666667e+02
286 12  1.333333346666667e+02
12 287  1.333333346666667e+02
287 12  1.333333346666667e+02
12 288 -5.631210573321783e+02
288 12 -5.631210573321783e+02
13 13  1.000000000000000e+36
13 14  8.794265385835055e+01
14 13  8.794265385835055e+01
13 15 -8.840819092501722e+01
15 13 -8.840819092501722e+01
13 85 -1.120497481907909e+02
85 13 -1.120497481907909e+02
13 86  6.666666733333336e+01
86 13  6.666666733333336e+01
13 87  6.713220440000002e+01
87 13  6.713220440000002e+01
13 88 -3.163996375249239e+02
88 13 -3.163996375249239e+02
13 89  2.083340854164945e+01
89 13  2.083340854164945e+01
13 90 -2.083340854164948e+01
90 13 -2.083340854164948e+01
13 154 -1.116049597016098e+02
154 13 -1.116049597016098e+02
13 155 -6.620113026666668e+01
155 13 -6.620113026666668e+01
13 156 -6.666666733333335e+01
156 13 -6.666666733333335e+01
13 241  1.320964459050593e+02
241 13  1.320964459050593e+02
13 242  2.409173519999999e+01
242 13  2.409173519999999e+01
13 243 -2.455727226666668e+01
243 13 -2.455727226666668e+01
13 271 -1.273907852461684e+02
271 13 -1.273907852461684e+02
13 272 -1.333333346666667e+02
272 13 -1.333333346666667e+02
13 273  1.333333346666667e+02
273 13  1.333333346666667e+02
14 14  1.000000000000000e+36
14 15  9.031584532260501e+01
15 14  9.031584532260501e+01
14 85  6.666666733333336e+01
85 14  6.666666733333336e+01
14 86 -1.565191222869441e+02
86 14 -1.565191222869441e+02
14 87 -1.115918367410991e+02
87 14 -1.115918367410991e+02
14 88  2.083340854164945e+01
88 14  2.083340854164945e+01
14 89 -1.775085960491519e+02
89 14 -1.775085960491519e+02
14 90 -8.750009600000004e+01
90 14 -8.750009600000004e+01
14 154 -6.620113026666668e+01
154 14 -6.620113026666668e+01
14 155 -2.900875186836686e+02
155 14 -2.900875186836686e+02
14 156 -1.120573739148393e+02
156 14 -1.120573739148393e+02
14 241  2.409173519999999e+01
241 14  2.409173519999999e+01
14 242  4.403214863501975e+01
242 14  4.403214863501975e+01
14 243  8.750009600000003e+01
243 14  8.750009600000003e+01
14 271 -1.333333346666667e+02
271 14 -1.333333346666667e+02
14 272  6.731467304327660e+01
272 14  6.731467304327660e+01
14 273  1.333333653333333e+02
273 14  1.333333653333333e+02
15 15  1.000000000000000e+36
15 85  6.713220440000002e+01
85 15  6.713220440000002e+01
15 86 -1.115918367410991e+02
86 15 -1.115918367410991e+02
15 87 -2.905472883463161e+02
87 15 -2.905472883463161e+02
15 88 -2.083340854164948e+01
88 15 -2.083340854164948e+01
15 89 -8.750009600000004e+01
89 15 -8.750009600000004e+01
15 90 -1.781784526635194e+02
90 15 -1.781784526635194e+02
15 154 -6.666666733333335e+01
154 15 -6.666666733333335e+01
15 155 -1.120573739148393e+02
155 15 -1.120573739148393e+02
15 156 -1.574525179942360e+02
156 15 -1.574525179942360e+02
15 241 -2.455727226666668e+01
241 15 -2.455727226666668e+01
15 242  8.750009600000003e+01
242 15  8.750009600000003e+01
15 243  4.403214863501975e+01
243 15  4.403214863501975e+01
15 271  1.333333346666667e+02
271 15  1.333333346666667e+02
15 272  1.333333653333333e+02
272 15  1.333333653333333e+02
15 273  6.833540605692278e+01
273 15  6.833540605692278e+01
16 16  1.000000000000000e+36
16 17 -1.333333346666667e+02
17 16 -1.333333346666667e+02
16 18  1.333333346666667e+02
18 16  1.333333346666667e+02
16 112 -5.333333386666668e+02
112 16 -5.333333386666668e+02
16 113  6.666666733333335e+01
113 16  6.666666733333335e+01
16 114 -6.666666733333335e+01
114 16 -6.666666733333335e+01
16 115 -6.666666733333336e+01
115 16 -6.666666733333336e+01
16 116  4.082156037979408e-15
116 16  4.082156037979408e-15
16 117  6.666666733333335e+01
117 16  6.666666733333335e+01
16 118 -6.666666733333335e+01
118 16 -6.666666733333335e+01
16 119 -6.666666733333335e+01
119 16 -6.666666733333335e+01
16 208  6.666666733333336e+01
208 16  6.666666733333336e+01
16 209 -6.666666733333335e+01
209 16 -6.666666733333335e+01
16 210 -1.333333346666667e+02
210 16 -1.333333346666667e+02
16 211 -1.333333346666667e+02
211 16 -1.333333346666667e+02
16 212  6.666666733333335e+01
212 16  6.666666733333335e+01
16 213 -6.666666733333335e+01
213 16 -6.666666733333335e+01
16 268  6.666666733333335e+01
268 16  6.666666733333335e+01
16 269  1.333333346666667e+02
269 16  1.333333346666667e+02
16 270  6.666666733333335e+01
270 16  6.666666733333335e+01
17 17  1.000000000000000e+36
17 112  6.666666733333335e+01
112 17  6.666666733333335e+01
17 113 -4.000000040000001e+02
113 17 -4.000000040000001e+02
17 114 -1.333333346666667e+02
114 17 -1.333333346666667e+02
17 115  4.082156037979408e-15
115 17  4.082156037979408e-15
17 116 -6.666666733333335e+01
116 17 -6.666666733333335e+01
17 117 -6.666666733333335e+01
117 17 -6.666666733333335e+01
17 118 -6.666666733333335e+01
118 17 -6.666666733333335e+01
17 119 -2.000000020000001e+02
119 17 -2.000000020000001e+02
17 120 -6.666666733333335e+01
120 17 -6.666666733333335e+01
17 208 -6.666666733333335e+01
208 17 -6.666666733333335e+01
17 209  2.000000020000001e+02
209 17  2.000000020000001e+02
17 210  6.666666733333335e+01
210 17  6.666666733333335e+01
17 211  6.666666733333335e+01
211 17  6.666666733333335e+01
17 212 -2.666666693333334e+02
212 17 -2.666666693333334e+02
17 213  1.333333346666667e+02
213 17  1.333333346666667e+02
17 268  1.333333346666667e+02
268 17  1.333333346666667e+02
17 269  6.666666733333335e+01
269 17  6.666666733333335e+01
17 270  6.666666733333335e+01
270 17  6.666666733333335e+01
18 18  1.000000000000000e+36
18 112 -6.666666733333335e+01
112 18 -6.666666733333335e+01
18 113 -1.333333346666667e+02
113 18 -1.333333346666667e+02
18 114 -4.000000040000001e+02
114 18 -4.000000040000001e+02
18 115  6.666666733333335e+01
115 18  6.666666733333335e+01
18 116 -6.666666733333335e+01
116 18 -6.666666733333335e+01
18 117 -2.000000020000001e+02
117 18 -2.000000020000001e+02
18 119 -6.666666733333335e+01
119 18 -6.666666733333335e+01
18 120 -6.666666733333335e+01
120 18 -6.666666733333335e+01
18 208 -1.333333346666667e+02
208 18 -1.333333346666667e+02
18 209  6.666666733333335e+01
209 18  6.666666733333335e+01
18 210  6.666666733333335e+01
210 18  6.666666733333335e+01
18 211 -6.666666733333335e+01
211 18 -6.666666733333335e+01
18 212  1.333333346666667e+02
212 18  1.333333346666667e+02
18 213 -2.666666693333334e+02
213 18 -2.666666693333334e+02
18 268  6.666666733333335e+01
268 18  6.666666733333335e+01
18 269  6.666666733333335e+01
269 18  6.666666733333335e+01
18 270  2.000000020000001e+02
270 18  2.000000020000001e+02
19 19  1.000000000000000e+36
19 20  6.666662306666672e+01
20 19  6.666662306666672e+01
19 21  6.666662306666670e+01
21 19  6.666662306666670e+01
19 118 -6.666677546669902e+01
118 19 -6.666677546669902e+01
19 119 -1.026666667058862e-05
119 19 -1.026666667058862e-05
19 120  6.666665706666669e+01
120 19  6.666665706666669e+01
19 121 -6.666677546683589e+01
121 19 -6.666677546683589e+01
19 122  6.666674146666668e+01
122 19  6.666674146666668e+01
19 123  7.413333333516903e-05
123 19  7.413333333516903e-05
19 127 -2.000001101333506e+02
127 19 -2.000001101333506e+02
19 128 -1.960000000877926e-05
128 19 -1.960000000877926e-05
19 129 -1.960000000877926e-05
129 19 -1.960000000877926e-05
19 283  2.162667645895554e-04
283 19  2.162667645895554e-04
19 284 -1.333333346666667e+02
284 19 -1.333333346666667e+02
19 285 -1.333333346666667e+02
285 19 -1.333333346666667e+02
20 20  1.000000000000000e+36
20 21  6.666662306666669e+01
21 20  6.666662306666669e+01
20 118 -1.026666667058862e-05
118 20 -1.026666667058862e-05
20 119 -2.000001008000235e+02
119 20 -2.000001008000235e+02
20 120 -1.026666666348319e-05
120 20 -1.026666666348319e-05
20 121  6.666674146666668e+01
121 20  6.666674146666668e+01
20 122 -6.666676613348179e+01
122 20 -6.666676613348179e+01
20 123  7.413333333516903e-05
123 20  7.413333333516903e-05
20 127 -1.960000000877926e-05
127 20 -1.960000000877926e-05
20 128 -6.666676613334292e+01
128 20 -6.666676613334292e+01
20 129  6.666664773333335e+01
129 20  6.666664773333335e+01
20 283 -1.333333346666667e+02
283 20 -1.333333346666667e+02
20 284  1.976000771608112e-04
284 20  1.976000771608112e-04
20 285 -1.333333346666667e+02
285 20 -1.333333346666667e+02
21 21  1.000000000000000e+36
21 118  6.666665706666669e+01
118 21  6.666665706666669e+01
21 119 -1.026666666348319e-05
119 21 -1.026666666348319e-05
21 120 -6.666668173339453e+01
120 21 -6.666668173339453e+01
21 121  7.413333333516903e-05
121 21  7.413333333516903e-05
21 122  7.413333333516903e-05
122 21  7.413333333516903e-05
21 123 -2.000000164000794e+02
123 21 -2.000000164000794e+02
21 127 -1.960000000877926e-05
127 21 -1.960000000877926e-05
21 128  6.666664773333335e+01
128 21  6.666664773333335e+01
21 129 -6.666668173339252e+01
129 21 -6.666668173339252e+01
21 283 -1.333333346666667e+02
283 21 -1.333333346666667e+02
21 284 -1.333333346666667e+02
284 21 -1.333333346666667e+02
21 285  2.880012673860501e-05
285 21  2.880012673860501e-05
22 22  1.000000000000000e+36
22 23 -1.816398637786893e+00
23 22 -1.816398637786893e+00
22 24 -1.816398637786895e+00
24 22 -1.816398637786895e+00
22 124 -1.453856976431135e+02
124 22 -1.453856976431135e+02
22 125 -6.666666733333336e+01
125 22 -6.666666733333336e+01
22 126 -1.055555433333334e+02
126 22 -1.055555433333334e+02
22 151 -2.552526493763057e+02
151 22 -2.552526493763057e+02
22 152 -2.596139269554644e+01
152 22 -2.596139269554644e+01
22 153 -2.596139269554644e+01
153 22 -2.596139269554644e+01
22 154 -1.453857112973241e+02
154 22 -1.453857112973241e+02
22 155 -1.055555433333334e+02
155 22 -1.055555433333334e+02
22 156 -6.666666733333338e+01
156 22 -6.666666733333338e+01
22 214  4.575067954319009e+01
214 22  4.575067954319009e+01
22 215 -1.944448026666667e+01
215 22 -1.944448026666667e+01
22 216  8.611106306666669e+01
216 22  8.611106306666669e+01
22 244  4.575066011650816e+01
244 22  4.575066011650816e+01
22 245  8.611114760000002e+01
245 22  8.611114760000002e+01
22 246 -1.944439573333334e+01
246 22 -1.944439573333334e+01
22 301 -5.217806445057514e+01
301 22 -5.217806445057514e+01
22 302  1.333333346666667e+02
302 22  1.333333346666667e+02
22 303  1.333333346666667e+02
303 22  1.333333346666667e+02
23 23  1.000000000000000e+36
23 24  1.870725617222253e+02
24 23  1.870725617222253e+02
23 124 -6.666666733333336e+01
124 23 -6.666666733333336e+01
23 125 -1.128066750724045e+02
125 23 -1.128066750724045e+02
23 126 -7.318359659443628e+01
126 23 -7.318359659443628e+01
23 151 -2.596139269554644e+01
151 23 -2.596139269554644e+01
23 152 -7.994988958134081e+01
152 23 -7.994988958134081e+01
23 153  4.070528399999996e+01
153 23  4.070528399999996e+01
23 154 -1.055555433333334e+02
154 23 -1.055555433333334e+02
23 155 -2.879721821137588e+02
155 23 -2.879721821137588e+02
23 156 -7.318368112778906e+01
156 23 -7.318368112778906e+01
23 214 -1.944448026666667e+01
214 23 -1.944448026666667e+01
23 215  1.372520386295703e+02
215 23  1.372520386295703e+02
23 216  2.596139866666669e+01
216 23  2.596139866666669e+01
23 244  8.611114760000002e+01
244 23  8.611114760000002e+01
23 245  4.575066011650816e+01
245 23  4.575066011650816e+01
23 246  2.596139866666671e+01
246 23  2.596139866666671e+01
23 301  1.333333346666667e+02
301 23  1.333333346666667e+02
23 302 -2.443024468813162e+02
302 23 -2.443024468813162e+02
23 303 -1.333333653333333e+02
303 23 -1.333333653333333e+02
24 24  1.000000000000000e+36
24 124 -1.055555433333334e+02
124 24 -1.055555433333334e+02
24 125 -7.318359659443628e+01
125 24 -7.318359659443628e+01
24 126 -2.879720484358098e+02
126 24 -2.879720484358098e+02
24 151 -2.596139269554644e+01
151 24 -2.596139269554644e+01
24 152  4.070528399999996e+01
152 24  4.070528399999996e+01
24 153 -7.994985264604273e+01
153 24 -7.994985264604273e+01
24 154 -6.666666733333338e+01
154 24 -6.666666733333338e+01
24 155 -7.318368112778906e+01
155 24 -7.318368112778906e+01
24 156 -1.128067734632256e+02
156 24 -1.128067734632256e+02
24 214  8.611106306666669e+01
214 24  8.611106306666669e+01
24 215  2.596139866666669e+01
215 24  2.596139866666669e+01
24 216  4.575067954319009e+01
216 24  4.575067954319009e+01
24 244 -1.944439573333334e+01
244 24 -1.944439573333334e+01
24 245  2.596139866666671e+01
245 24  2.596139866666671e+01
24 246  1.372519803495245e+02
246 24  1.372519803495245e+02
24 301  1.333333346666667e+02
301 24  1.333333346666667e+02
24 302 -1.333333653333333e+02
302 24 -1.333333653333333e+02
24 303 -2.443024441203590e+02
303 24 -2.443024441203590e+02
25 25  1.000000000000000e+36
25 26 -1.705669390216130e+02
26 25 -1.705669390216130e+02
25 27  1.460845694859437e+02
27 25  1.460845694859437e+02
25 82  5.460709545176433e+01
82 25  5.460709545176433e+01
25 83 -9.075848693333336e+01
83 25 -9.075848693333336e+01
25 84 -2.455727226666668e+01
84 25 -2.455727226666668e+01
25 85  1.561901304566464e+02
85 25  1.561901304566464e+02
25 86 -1.944439573333334e+01
86 25 -1.944439573333334e+01
25 87 -1.944448026666668e+01
87 25 -1.944448026666668e+01
25 157 -3.316955893494990e+02
157 25 -3.316955893494990e+02
25 158  8.421805182037016e+01
158 25  8.421805182037016e+01
25 159  6.492882950807734e+01
159 25  6.492882950807734e+01
25 241 -4.548640203291635e+01
241 25 -4.548640203291635e+01
25 242  2.270056782955933e+01
242 25  2.270056782955933e+01
25 243  5.565327033931231e+01
243 25  5.565327033931231e+01
25 274 -3.241900085768726e+02
274 25 -3.241900085768726e+02
25 275  1.343206201187957e+02
275 25  1.343206201187957e+02
25 276 -1.754427297333334e+02
276 25 -1.754427297333334e+02
25 304 -1.488656850337365e+02
304 25 -1.488656850337365e+02
25 305 -1.322261760804456e+02
305 25 -1.322261760804456e+02
25 306 -1.805555217333334e+02
306 25 -1.805555217333334e+02
26 26  1.000000000000000e+36
26 27  1.847564755401876e+02
27 26  1.847564755401876e+02
26 82 -9.075848693333336e+01
82 26 -9.075848693333336e+01
26 83  5.460709545176433e+01
83 26  5.460709545176433e+01
26 84  2.083341333333338e+01
84 26  2.083341333333338e+01
26 85 -1.944439573333334e+01
85 26 -1.944439573333334e+01
26 86  5.206337681888212e+01
86 26  5.206337681888212e+01
26 87  9.262808133333334e+01
87 26  9.262808133333334e+01
26 157  8.421805182037016e+01
157 26  8.421805182037016e+01
26 158 -9.569550138938456e+01
158 26 -9.569550138938456e+01
26 159 -2.403954223339263e+01
159 26 -2.403954223339263e+01
26 241  2.270056782955933e+01
241 26  2.270056782955933e+01
26 242 -9.549046592320488e+01
242 26 -9.549046592320488e+01
26 243 -8.608764471607009e+01
243 26 -8.608764471607009e+01
26 274  1.343206201187957e+02
274 26  1.343206201187957e+02
26 275 -1.104553510696924e+02
275 26 -1.104553510696924e+02
26 276  1.319900118629187e+02
276 26  1.319900118629187e+02
26 304 -1.322261760804456e+02
304 26 -1.322261760804456e+02
26 305 -1.252220856714218e+02
305 26 -1.252220856714218e+02
26 306 -1.348398246110347e+02
306 26 -1.348398246110347e+02
27 27  1.000000000000000e+36
27 82 -2.455727226666668e+01
82 27 -2.455727226666668e+01
27 83  2.083341333333338e+01
83 27  2.083341333333338e+01
27 84  1.638212863552930e+02
84 27  1.638212863552930e+02
27 85 -1.944448026666668e+01
85 27 -1.944448026666668e+01
27 86  9.262808133333334e+01
86 27  9.262808133333334e+01
27 87  5.206337681888212e+01
87 27  5.206337681888212e+01
27 157  6.492882950807734e+01
157 27  6.492882950807734e+01
27 158 -2.403954223339263e+01
158 27 -2.403954223339263e+01
27 159 -5.004316728542821e+01
159 27 -5.004316728542821e+01
27 241  5.565327033931231e+01
241 27  5.565327033931231e+01
27 242 -8.608764471607009e+01
242 27 -8.608764471607009e+01
27 243 -3.357087351476162e+02
243 27 -3.357087351476162e+02
27 274 -1.754427297333334e+02
274 27 -1.754427297333334e+02
27 275  1.319900118629187e+02
275 27  1.319900118629187e+02
27 276 -1.218505440053250e+02
276 27 -1.218505440053250e+02
27 304 -1.805555217333334e+02
304 27 -1.805555217333334e+02
27 305 -1.348398246110347e+02
305 27 -1.348398246110347e+02
27 306 -3.491459554083875e+02
306 27 -3.491459554083875e+02
28 28  1.081888962273969e+03
28 29 -8.649489987990925e+01
29 28 -8.649489987990925e+01
28 30 -8.649494347257131e+01
30 28 -8.649494347257131e+01
28 31 -4.333335133334001e+02
31 28 -4.333335133334001e+02
28 32 -4.000001470672032e-05
32 28 -4.000001470672032e-05
28 33 -4.000001470672032e-05
33 28 -4.000001470672032e-05
28 157 -1.365384980657695e+02
157 28 -1.365384980657695e+02
28 158  1.333332501333334e+02
158 28  1.333332501333334e+02
28 159 -6.666669116217847e+01
159 28 -6.666669116217847e+01
28 160  3.333334133333329e+01
160 28  3.333334133333329e+01
28 161 -1.333333346666667e+02
161 28 -1.333333346666667e+02
28 162  6.666666733333335e+01
162 28  6.666666733333335e+01
28 184 -1.365386593510385e+02
184 28 -1.365386593510385e+02
28 185 -6.666664350445762e+01
185 28 -6.666664350445762e+01
28 186  1.333334192000000e+02
186 28  1.333334192000000e+02
28 187  3.333334133333331e+01
187 28  3.333334133333331e+01
28 188  6.666666733333335e+01
188 28  6.666666733333335e+01
28 189 -1.333333346666667e+02
189 28 -1.333333346666667e+02
28 274 -2.543931713577392e+02
274 28 -2.543931713577392e+02
28 275  1.709183125448435e+02
275 28  1.709183125448435e+02
28 276  1.709182642291490e+02
276 28  1.709182642291490e+02
28 277  6.750084654361740e+01
277 28  6.750084654361740e+01
28 278 -1.103847046560084e+02
278 28 -1.103847046560084e+02
28 279 -1.103847341565977e+02
279 28 -1.103847341565977e+02
29 29  9.334420043056890e+02
29 30  6.025609591666343e+01
30 29  6.025609591666343e+01
29 31 -4.000001470672032e-05
31 29 -4.000001470672032e-05
29 32 -2.000001066667088e+02
32 29 -2.000001066667088e+02
29 33  6.666668266666659e+01
33 29  6.666668266666659e+01
29 157  1.333332501333334e+02
157 29  1.333332501333334e+02
29 158 -4.397436876985184e+02
158 29 -4.397436876985184e+02
29 159  1.032053407749909e+02
159 29  1.032053407749909e+02
29 160 -1.333333346666667e+02
160 29 -1.333333346666667e+02
29 161  3.333334133333329e+01
161 29  3.333334133333329e+01
29 162 -3.999999989900971e-05
162 29 -3.999999989900971e-05
29 184 -6.666664350445762e+01
184 29 -6.666664350445762e+01
29 185 -1.064105186469337e+02
185 29 -1.064105186469337e+02
29 186  1.032052139750124e+02
186 29  1.032052139750124e+02
29 187  6.666666733333335e+01
187 29  6.666666733333335e+01
29 188  1.000000239999999e+02
188 29  1.000000239999999e+02
29 189 -3.999999989900971e-05
189 29 -3.999999989900971e-05
29 274  1.709183125448435e+02
274 29  1.709183125448435e+02
29 275 -1.329365135089339e+02
275 29 -1.329365135089339e+02
29 276 -1.999999680000001e+02
276 29 -1.999999680000001e+02
29 277 -1.103847046560084e+02
277 29 -1.103847046560084e+02
29 278 -1.077346904718846e+02
278 29 -1.077346904718846e+02
29 279 -1.740385693333334e+02
279 29 -1.740385693333334e+02
30 30  9.334420983244246e+02
30 31 -4.000001470672032e-05
31 30 -4.000001470672032e-05
30 32  6.666668266666659e+01
32 30  6.666668266666659e+01
30 33 -2.000001066667088e+02
33 30 -2.000001066667088e+02
30 157 -6.666669116217847e+01
157 30 -6.666669116217847e+01
30 158  1.032053407749909e+02
158 30  1.032053407749909e+02
30 159 -1.064105428532416e+02
159 30 -1.064105428532416e+02
30 160  6.666666733333335e+01
160 30  6.666666733333335e+01
30 161 -3.999999989900971e-05
161 30 -3.999999989900971e-05
30 162  1.000000239999999e+02
162 30  1.000000239999999e+02
30 184  1.333334192000000e+02
184 30  1.333334192000000e+02
30 185  1.032052139750124e+02
185 30  1.032052139750124e+02
30 186 -4.397438804682317e+02
186 30 -4.397438804682317e+02
30 187 -1.333333346666667e+02
187 30 -1.333333346666667e+02
30 188 -3.999999989900971e-05
188 30 -3.999999989900971e-05
30 189  3.333334133333330e+01
189 30  3.333334133333330e+01
30 274  1.709182642291490e+02
274 30  1.709182642291490e+02
30 275 -1.999999680000001e+02
275 30 -1.999999680000001e+02
30 276 -1.329363683666307e+02
276 30 -1.329363683666307e+02
30 277 -1.103847341565977e+02
277 30 -1.103847341565977e+02
30 278 -1.740385693333334e+02
278 30 -1.740385693333334e+02
30 279 -1.077346757216043e+02
279 30 -1.077346757216043e+02
31 31  1.221968790666658e+03
31 32  1.205938186574939e+01
32 31  1.205938186574939e+01
31 33  5.500038375566756e+00
33 31  5.500038375566756e+00
31 34 -3.917804657001969e+02
34 31 -3.917804657001969e+02
31 35  3.472088534753006e+00
35 31  3.472088534753006e+00
31 36  3.472088534753055e+00
36 31  3.472088534753055e+00
31 160 -2.236011361260437e+02
160 31 -2.236011361260437e+02
31 161  1.180554398666667e+02
161 31  1.180554398666667e+02
31 162 -5.180219149322782e+01
162 31 -5.180219149322782e+01
31 163  3.406266084203132e+01
163 31  3.406266084203132e+01
31 164 -1.252403376933334e+02
164 31 -1.252403376933334e+02
31 165  5.138877253333332e+01
165 31  5.138877253333332e+01
31 187 -2.189675119972032e+02
187 31 -2.189675119972032e+02
31 188 -5.834858348662927e+01
188 31 -5.834858348662927e+01
31 189  1.252403376933334e+02
189 31  1.252403376933334e+02
31 190  3.592441436222133e+01
190 31  3.592441436222133e+01
31 191  5.857367036000004e+01
191 31  5.857367036000004e+01
31 192 -1.180554398666667e+02
192 31 -1.180554398666667e+02
31 277  9.626436429125503e+01
277 31  9.626436429125503e+01
31 278  1.289387521294264e+02
278 31  1.289387521294264e+02
31 279  1.252617678333416e+02
279 31  1.252617678333416e+02
31 298 -1.205376030053218e+02
298 31 -1.205376030053218e+02
31 299 -1.375103715766182e+02
299 31 -1.375103715766182e+02
31 300 -1.410053336104189e+02
300 31 -1.410053336104189e+02
32 32  1.168916381302728e+03
32 33 -9.827701961037560e+01
33 32 -9.827701961037560e+01
32 34  3.472088534753006e+00
34 32  3.472088534753006e+00
32 35 -1.779803951194836e+02
35 32 -1.779803951194836e+02
32 36  6.319459333333334e+01
36 32  6.319459333333334e+01
32 160  1.180554398666667e+02
160 32  1.180554398666667e+02
32 161 -6.141069054776771e+02
161 32 -6.141069054776771e+02
32 162  1.770831605291263e+02
162 32  1.770831605291263e+02
32 163 -1.252403376933334e+02
163 32 -1.252403376933334e+02
32 164  3.406266084203133e+01
164 32  3.406266084203133e+01
32 165  3.472089333333408e+00
165 32  3.472089333333408e+00
32 187 -5.834858348662927e+01
187 32 -5.834858348662927e+01
32 188 -2.781479727019562e+02
188 32 -2.781479727019562e+02
32 189  1.878605097479161e+02
189 32  1.878605097479161e+02
32 190  5.857367036000004e+01
190 32  5.857367036000004e+01
32 191  1.077732430866639e+02
191 32  1.077732430866639e+02
32 192  3.472089333333386e+00
192 32  3.472089333333386e+00
32 277  1.289387521294264e+02
277 32  1.289387521294264e+02
32 278  1.389242753945689e+02
278 32  1.389242753945689e+02
32 279 -2.034720573333335e+02
279 32 -2.034720573333335e+02
32 298 -1.375103715766182e+02
298 32 -1.375103715766182e+02
32 299 -1.794411806601661e+02
299 32 -1.794411806601661e+02
32 300 -2.000000480000000e+02
300 32 -2.000000480000000e+02
33 33  1.157820080584243e+03
33 34  3.472088534753055e+00
34 33  3.472088534753055e+00
33 35  6.319459333333334e+01
35 33  6.319459333333334e+01
33 36 -1.726628596713813e+02
36 33 -1.726628596713813e+02
33 160 -5.180219149322782e+01
160 33 -5.180219149322782e+01
33 161  1.770831605291263e+02
161 33  1.770831605291263e+02
33 162 -2.761634503784164e+02
162 33 -2.761634503784164e+02
33 163  5.138877253333332e+01
163 33  5.138877253333332e+01
33 164  3.472089333333408e+00
164 33  3.472089333333408e+00
33 165  1.021879825260940e+02
165 33  1.021879825260940e+02
33 187  1.252403376933334e+02
187 33  1.252403376933334e+02
33 188  1.878605097479161e+02
188 33  1.878605097479161e+02
33 189 -5.999729435028647e+02
189 33 -5.999729435028647e+02
33 190 -1.180554398666667e+02
190 33 -1.180554398666667e+02
33 191  3.472089333333386e+00
191 33  3.472089333333386e+00
33 192  3.592441436222130e+01
192 33  3.592441436222130e+01
33 277  1.252617678333416e+02
277 33  1.252617678333416e+02
33 278 -2.034720573333335e+02
278 33 -2.034720573333335e+02
33 279  1.370857828236733e+02
279 33  1.370857828236733e+02
33 298 -1.410053336104189e+02
298 33 -1.410053336104189e+02
33 299 -2.000000480000000e+02
299 33 -2.000000480000000e+02
33 300 -1.842189000768602e+02
300 33 -1.842189000768602e+02
34 34  1.174692299015978e+03
34 35  7.336303401434082e+00
35 34  7.336303401434082e+00
34 36 -1.220319351913755e+00
36 34 -1.220319351913755e+00
34 37 -4.224135739022214e+02
37 34 -4.224135739022214e+02
34 38 -1.108515610150774e+01
38 34 -1.108515610150774e+01
34 39 -1.108515610150773e+01
39 34 -1.108515610150773e+01
34 163 -2.009132883536650e+02
163 34 -2.009132883536650e+02
34 164  1.253106010796201e+02
164 34  1.253106010796201e+02
34 165 -5.145196469500185e+01
165 34 -5.145196469500185e+01
34 166  3.696861557554050e+01
166 34  3.696861557554050e+01
34 167 -1.352861032800000e+02
167 34 -1.352861032800000e+02
34 168  5.023810733333336e+01
168 34  5.023810733333336e+01
34 190 -1.995848892396866e+02
190 34 -1.995848892396866e+02
34 191 -6.838600965499197e+01
191 34 -6.838600965499197e+01
34 192  1.268802768670467e+02
192 34  1.268802768670467e+02
34 193  4.452427012800258e+01
193 34  4.452427012800258e+01
34 194  6.861943594666670e+01
194 34  6.861943594666670e+01
34 195 -1.169047746666667e+02
195 34 -1.169047746666667e+02
34 295 -7.916967339059408e+01
295 34 -7.916967339059408e+01
34 296 -1.280028295445265e+02
296 34 -1.280028295445265e+02
34 297 -1.332951644272120e+02
297 34 -1.332951644272120e+02
34 298  3.767670586684314e+01
298 34  3.767670586684314e+01
34 299  1.380216696185523e+02
299 34  1.380216696185523e+02
34 300  1.333669065071690e+02
300 34  1.333669065071690e+02
35 35  1.132835459674853e+03
35 36 -7.193914800721463e+01
36 35 -7.193914800721463e+01
35 37 -1.108515610150774e+01
37 35 -1.108515610150774e+01
35 38 -2.232330557473485e+02
38 35 -2.232330557473485e+02
35 39  7.775179466666671e+01
39 35  7.775179466666671e+01
35 163  1.253106010796201e+02
163 35  1.253106010796201e+02
35 164 -5.777736942854408e+02
164 35 -5.777736942854408e+02
35 165  1.506662340567346e+02
165 35  1.506662340567346e+02
35 166 -1.352861032800000e+02
166 35 -1.352861032800000e+02
35 167  3.696861557554050e+01
167 35  3.696861557554050e+01
35 168 -1.108515200000001e+01
168 35 -1.108515200000001e+01
35 190 -6.838600965499197e+01
190 35 -6.838600965499197e+01
35 191 -2.558078572217401e+02
191 35 -2.558078572217401e+02
35 192  1.879395646171469e+02
192 35  1.879395646171469e+02
35 193  6.861943594666670e+01
193 35  6.861943594666670e+01
35 194  1.335728103840077e+02
194 35  1.335728103840077e+02
35 195 -1.108515200000001e+01
195 35 -1.108515200000001e+01
35 295 -1.280028295445265e+02
295 35 -1.280028295445265e+02
35 296 -1.771331437239198e+02
296 35 -1.771331437239198e+02
35 297 -1.965278786666667e+02
297 35 -1.965278786666667e+02
35 298  1.380216696185523e+02
298 35  1.380216696185523e+02
35 299  1.085512604635318e+02
299 35  1.085512604635318e+02
35 300 -1.889148560000002e+02
300 35 -1.889148560000002e+02
36 36  1.084778156139115e+03
36 37 -1.108515610150773e+01
37 36 -1.108515610150773e+01
36 38  7.775179466666671e+01
38 36  7.775179466666671e+01
36 39 -2.054663835749109e+02
39 36 -2.054663835749109e+02
36 163 -5.145196469500185e+01
163 36 -5.145196469500185e+01
36 164  1.506662340567346e+02
164 36  1.506662340567346e+02
36 165 -2.259095857023631e+02
165 36 -2.259095857023631e+02
36 166  5.023810733333336e+01
166 36  5.023810733333336e+01
36 167 -1.108515200000001e+01
167 36 -1.108515200000001e+01
36 168  1.109058467266215e+02
168 36  1.109058467266215e+02
36 190  1.268802768670467e+02
190 36  1.268802768670467e+02
36 191  1.879395646171469e+02
191 36  1.879395646171469e+02
36 192 -5.383244991862750e+02
192 36 -5.383244991862750e+02
36 193 -1.169047746666667e+02
193 36 -1.169047746666667e+02
36 194 -1.108515200000001e+01
194 36 -1.108515200000001e+01
36 195  4.452427012800258e+01
195 36  4.452427012800258e+01
36 295 -1.332951644272120e+02
295 36 -1.332951644272120e+02
36 296 -1.965278786666667e+02
296 36 -1.965278786666667e+02
36 297 -1.897140490042290e+02
297 36 -1.897140490042290e+02
36 298  1.333669065071690e+02
