1 1  3.212092461627536e+02
1 2 -5.304486573253473e+01
2 1 -5.304486573253473e+01
1 3  5.276559423717049e+01
3 1  5.276559423717049e+01
1 25  2.240994758954697e+01
25 1  2.240994758954697e+01
1 26 -1.342642282407877e+01
26 1 -1.342642282407877e+01
1 27 -1.333333346666667e+01
27 1 -1.333333346666667e+01
1 82  6.327994919626433e+01
82 1  6.327994919626433e+01
1 83  4.166681719249169e+00
83 1  4.166681719249169e+00
1 84 -4.166681719249045e+00
84 1 -4.166681719249045e+00
1 124  2.232100622138779e+01
124 1  2.232100622138779e+01
1 125  1.333333346666667e+01
125 1  1.333333346666667e+01
1 126  1.324024185915361e+01
126 1  1.324024185915361e+01
1 241 -2.641927661139641e+01
241 1 -2.641927661139641e+01
1 242  4.911453442972169e+00
242 1  4.911453442972169e+00
1 243 -4.818362960156894e+00
243 1 -4.818362960156894e+00
1 307  2.547811859629222e+01
307 1  2.547811859629222e+01
1 308 -2.666666789317650e+01
308 1 -2.666666789317650e+01
1 309  2.666666789317649e+01
309 1  2.666666789317649e+01
1 526  3.490264641219367e+01
526 1  3.490264641219367e+01
1 527  1.730979688474577e-07
527 1  1.730979688474577e-07
1 528  2.657357657096639e+01
528 1  2.657357657096639e+01
1 532  1.229347759884056e+01
532 1  1.229347759884056e+01
1 533 -8.421878256226993e+00
533 1 -8.421878256226993e+00
1 534  8.514968813411734e+00
534 1  8.514968813411734e+00
1 538 -4.420437886473358e+00
538 1 -4.420437886473358e+00
1 539  2.323518050480096e-14
539 1  2.323518050480096e-14
1 540 -4.911454865045865e+00
540 1 -4.911454865045865e+00
1 595  3.530642066027288e+01
595 1  3.530642066027288e+01
1 596 -2.675975768492420e+01
596 1 -2.675975768492420e+01
1 597 -1.730979510838893e-07
597 1 -1.730979510838893e-07
1 598 -4.498073843734312e+00
598 1 -4.498073843734312e+00
1 599  4.818364355975600e+00
599 1  4.818364355975600e+00
1 600 -3.402731617756464e-14
600 1 -3.402731617756464e-14
1 613 -1.835041182144261e+02
613 1 -1.835041182144261e+02
1 614  9.768162156256408e+01
614 1  9.768162156256408e+01
1 615 -9.758853100579087e+01
615 1 -9.758853100579087e+01
1 616  4.946359184942894e+01
616 1  4.946359184942894e+01
1 617 -6.219389679026452e+00
617 1 -6.219389679026452e+00
1 618  6.033208718614752e+00
618 1  6.033208718614752e+00
1 619 -1.203660641635962e+02
619 1 -1.203660641635962e+02
1 620 -4.907813684334302e+01
620 1 -4.907813684334302e+01
1 621 -6.629430283651084e+01
621 1 -6.629430283651084e+01
1 622 -1.208965467246369e+02
622 1 -1.208965467246369e+02
1 623  6.703902679294927e+01
623 1  6.703902679294927e+01
1 624  4.898504633386101e+01
624 1  4.898504633386101e+01
1 634  5.004532167654632e+01
634 1  5.004532167654632e+01
1 635 -9.166651448157637e+00
635 1 -9.166651448157637e+00
1 636  9.166651448157509e+00
636 1  9.166651448157509e+00
1 1537  4.524184455214959e+01
1537 1  4.524184455214959e+01
1 1538  2.241146995024501e+01
1538 1  2.241146995024501e+01
1 1539  1.815169638490805e+01
1539 1  1.815169638490805e+01
1 1540 -2.671153591385344e+02
1540 1 -2.671153591385344e+02
1 1541 -3.333394207861602e+00
1541 1 -3.333394207861602e+00
1 1542  3.333394207861126e+00
1542 1  3.333394207861126e+00
1 1801  4.526830606712095e+01
1801 1  4.526830606712095e+01
1 1802 -1.824478689439009e+01
1802 1 -1.824478689439009e+01
1 1803 -2.231837944076301e+01
1803 1 -2.231837944076301e+01
2 2  3.082864381487241e+02
2 3  5.418955039339951e+01
3 2  5.418955039339951e+01
2 25 -1.342642282407876e+01
25 2 -1.342642282407876e+01
2 26  5.810946210016415e+01
26 2  5.810946210016415e+01
2 27  2.231838323197015e+01
27 2  2.231838323197015e+01
2 82  4.166681719249169e+00
82 2  4.166681719249169e+00
2 83  3.563569072309642e+01
83 2  3.563569072309642e+01
2 84  1.750001920000008e+01
84 2  1.750001920000008e+01
2 124  1.333333346666667e+01
124 2  1.333333346666667e+01
2 125  3.149050125363877e+01
125 2  3.149050125363877e+01
2 126  2.241147373600957e+01
126 2  2.241147373600957e+01
2 241  4.911453442972170e+00
241 2  4.911453442972170e+00
2 242 -8.806425537132412e+00
242 2 -8.806425537132412e+00
2 243 -1.750001920000014e+01
243 2 -1.750001920000014e+01
2 307 -2.666666789317650e+01
307 2 -2.666666789317650e+01
2 308 -1.366708491801349e+01
308 2 -1.366708491801349e+01
2 309 -2.666667306666671e+01
309 2 -2.666667306666671e+01
2 526  1.730979688474577e-07
526 2  1.730979688474577e-07
2 527  1.790211920137071e+01
527 2  1.790211920137071e+01
2 528  9.078138804014952e+00
528 2  9.078138804014952e+00
2 532 -8.421878256226993e+00
532 2 -8.421878256226993e+00
2 533  4.097825866280156e+00
533 2  4.097825866280156e+00
2 534 -1.750001919999990e+01
534 2 -1.750001919999990e+01
2 538  2.309263891220326e-14
538 2  2.309263891220326e-14
2 539  4.359860412045616e+00
539 2  4.359860412045616e+00
2 540 -5.329070518200751e-15
540 2 -5.329070518200751e-15
2 595 -2.675975768492420e+01
595 2 -2.675975768492420e+01
2 596  5.803076006140152e+01
596 2  5.803076006140152e+01
2 597  8.985048231283528e+00
597 2  8.985048231283528e+00
2 598  4.818364355975598e+00
598 2  4.818364355975598e+00
2 599  2.183400088223521e+01
599 2  2.183400088223521e+01
2 600  4.425132254980677e-15
600 2  4.425132254980677e-15
2 613  9.768162156256409e+01
613 2  9.768162156256409e+01
2 614 -6.176090379466231e+01
614 2 -6.176090379466231e+01
2 615  6.193683216470166e+01
615 2  6.193683216470166e+01
2 616 -6.219389679026452e+00
616 2 -6.219389679026452e+00
2 617 -1.267883458787263e+01
617 2 -1.267883458787263e+01
2 618  5.250005760000029e+01
618 2  5.250005760000029e+01
2 619 -4.907813684334302e+01
619 2 -4.907813684334302e+01
2 620 -1.302100395993185e+02
620 2 -1.302100395993185e+02
2 621 -7.631255777803752e+01
621 2 -7.631255777803752e+01
2 622  6.703902679294929e+01
622 2  6.703902679294929e+01
2 623 -2.413519956531696e+02
623 2 -2.413519956531696e+02
2 624 -7.594019571667491e+01
624 2 -7.594019571667491e+01
2 634 -9.166651448157639e+00
634 2 -9.166651448157639e+00
2 635  9.064358981787304e+00
635 2  9.064358981787304e+00
2 636 -9.166653866666786e+00
636 2 -9.166653866666786e+00
2 1537  2.241146995024501e+01
1537 2  2.241146995024501e+01
2 1538  4.496706254717388e+01
1538 2  4.496706254717388e+01
2 1539  2.241147403678517e+01
1539 2  2.241147403678517e+01
2 1540 -3.333394207861609e+00
1540 2 -3.333394207861609e+00
2 1541 -1.705711096196077e+02
1541 2 -1.705711096196077e+02
2 1542 -7.056324207804565e+01
1542 2 -7.056324207804565e+01
2 1801 -1.824478689439009e+01
1801 2 -1.824478689439009e+01
2 1802  4.526831353185869e+01
1802 2  4.526831353185869e+01
2 1803  2.231838350792670e+01
1803 2  2.231838350792670e+01
3 3  3.076611782084923e+02
3 25 -1.333333346666667e+01
25 3 -1.333333346666667e+01
3 26  2.231838323197015e+01
26 3  2.231838323197015e+01
3 27  3.130385593702369e+01
27 3  3.130385593702369e+01
3 82 -4.166681719249045e+00
82 3 -4.166681719249045e+00
3 83  1.750001920000008e+01
83 3  1.750001920000008e+01
3 84  3.550174379187031e+01
84 3  3.550174379187031e+01
3 124  1.324024185915362e+01
124 3  1.324024185915362e+01
3 125  2.241147373600957e+01
125 3  2.241147373600957e+01
3 126  5.801752495722903e+01
126 3  5.801752495722903e+01
3 241 -4.818362960156891e+00
241 3 -4.818362960156891e+00
3 242 -1.750001920000014e+01
242 3 -1.750001920000014e+01
3 243 -8.806425537132476e+00
243 3 -8.806425537132476e+00
3 307  2.666666789317650e+01
307 3  2.666666789317650e+01
3 308 -2.666667306666672e+01
308 3 -2.666667306666672e+01
3 309 -1.346297539679425e+01
309 3 -1.346297539679425e+01
3 526  2.657357657096639e+01
526 3  2.657357657096639e+01
3 527  9.078138804014952e+00
527 3  9.078138804014952e+00
3 528  5.776584208148471e+01
528 3  5.776584208148471e+01
3 532  8.514968813411732e+00
532 3  8.514968813411732e+00
3 533 -1.750001919999990e+01
533 3 -1.750001919999990e+01
3 534  4.097825866280251e+00
534 3  4.097825866280251e+00
3 538 -4.911454865045865e+00
538 3 -4.911454865045865e+00
3 539 -4.635338282195270e-15
539 3 -4.635338282195270e-15
3 540  2.185987953465550e+01
540 3  2.185987953465550e+01
3 595 -1.730979501957108e-07
595 3 -1.730979501957108e-07
3 596  8.985048231283528e+00
596 3  8.985048231283528e+00
3 597  1.809256400930031e+01
597 3  1.809256400930031e+01
3 598 -3.375077994860476e-14
598 3 -3.375077994860476e-14
3 599  3.552713678800501e-15
599 3  3.552713678800501e-15
3 600  4.333981759625317e+00
600 3  4.333981759625317e+00
3 613 -9.758853100579086e+01
613 3 -9.758853100579086e+01
3 614  6.193683216470165e+01
614 3  6.193683216470165e+01
3 615 -6.216481202412206e+01
615 3 -6.216481202412206e+01
3 616  6.033208718614755e+00
616 3  6.033208718614755e+00
3 617  5.250005760000029e+01
617 3  5.250005760000029e+01
3 618 -1.267883458787240e+01
618 3 -1.267883458787240e+01
3 619 -6.629430283651084e+01
619 3 -6.629430283651084e+01
3 620 -7.631255777803752e+01
620 3 -7.631255777803752e+01
3 621 -2.409026205032380e+02
621 3 -2.409026205032380e+02
3 622  4.898504633386101e+01
622 3  4.898504633386101e+01
3 623 -7.594019571667491e+01
623 3 -7.594019571667491e+01
3 624 -1.296152473311928e+02
624 3 -1.296152473311928e+02
3 634  9.166651448157509e+00
634 3  9.166651448157509e+00
3 635 -9.166653866666785e+00
635 3 -9.166653866666785e+00
3 636  9.134521446354903e+00
636 3  9.134521446354903e+00
3 1537  1.815169638490805e+01
1537 3  1.815169638490805e+01
3 1538  2.241147403678517e+01
1538 3  2.241147403678517e+01
3 1539  4.524185197879955e+01
1539 3  4.524185197879955e+01
3 1540  3.333394207861126e+00
1540 3  3.333394207861126e+00
3 1541 -7.056324207804565e+01
1541 3 -7.056324207804565e+01
3 1542 -1.699608487909077e+02
1542 3 -1.699608487909077e+02
3 1801 -2.231837944076302e+01
1801 3 -2.231837944076302e+01
3 1802  2.231838350792670e+01
1802 3  2.231838350792670e+01
3 1803  4.458099460014393e+01
1803 3  4.458099460014393e+01
4 4  3.040205358015235e+02
4 5  1.089817889650046e+00
5 4  1.089817889650046e+00
4 6  1.089817903417874e+00
6 4  1.089817903417874e+00
4 25  2.907714746941488e+01
25 4  2.907714746941488e+01
4 26 -2.111111022832081e+01
26 4 -2.111111022832081e+01
4 27 -1.333333346666670e+01
27 4 -1.333333346666670e+01
4 28  5.105053546009408e+01
28 4  5.105053546009408e+01
4 29 -5.192278004705850e+00
29 4 -5.192278004705850e+00
4 30 -5.192277989235373e+00
30 4 -5.192277989235373e+00
4 85  2.907714848103013e+01
85 4  2.907714848103013e+01
4 86 -1.333333346666668e+01
86 4 -1.333333346666668e+01
4 87 -2.111110938445105e+01
87 4 -2.111110938445105e+01
4 157 -9.150135038143485e+00
157 4 -9.150135038143485e+00
4 158  1.722221428042927e+01
158 4  1.722221428042927e+01
4 159 -3.888896002815279e+00
159 4 -3.888896002815279e+00
4 184 -9.150131868121447e+00
184 4 -9.150131868121447e+00
4 185 -3.888880106509776e+00
185 4 -3.888880106509776e+00
4 186  1.722222926740972e+01
186 4  1.722222926740972e+01
4 313  1.043555268596848e+01
313 4  1.043555268596848e+01
4 314  2.666666602400829e+01
314 4  2.666666602400829e+01
4 315  2.666666693333335e+01
315 4  2.666666693333335e+01
4 559  4.464480298850896e+00
559 4  4.464480298850896e+00
4 560  9.444455038513926e+00
560 4  9.444455038513926e+00
4 561  1.722222963925695e+01
561 4  1.722222963925695e+01
4 562 -1.150787373377545e+01
562 4 -1.150787373377545e+01
4 563  3.525549928763745e+00
563 4  3.525549928763745e+00
4 564 -5.166668790740967e+01
564 4 -5.166668790740967e+01
4 565 -1.326469957121619e+02
565 4 -1.326469957121619e+02
4 566 -8.036329714225892e+01
566 4 -8.036329714225892e+01
4 567 -8.036329769186075e+01
567 4 -8.036329769186075e+01
4 568 -2.086666551670137e+02
568 4 -2.086666551670137e+02
4 569  7.435798393278013e+00
569 4  7.435798393278013e+00
4 570  7.435798069259544e+00
570 4  7.435798069259544e+00
4 571  6.365618062062468e+01
571 4  6.365618062062468e+01
4 572  8.141071920684711e+00
572 4  8.141071920684711e+00
4 573  8.141072180843578e+00
573 4  8.141072180843578e+00
4 574  2.145475936355251e+01
574 4  2.145475936355251e+01
4 575 -5.192242034258108e+00
575 4 -5.192242034258108e+00
4 576 -7.741343520278731e-14
576 4 -7.741343520278731e-14
4 577 -1.218559073034098e+02
577 4 -1.218559073034098e+02
4 578  4.777777520095452e+01
578 4  4.777777520095452e+01
4 579  7.111110494767576e+01
579 4  7.111110494767576e+01
4 580  1.959541331423476e+01
580 4  1.959541331423476e+01
4 581  1.639875808479019e-07
581 4  1.639875808479019e-07
4 582 -7.777774957721928e+00
582 4 -7.777774957721928e+00
4 583  4.021729249361515e+01
583 4  4.021729249361515e+01
4 584 -2.111110864494203e+01
584 4 -2.111110864494203e+01
4 585 -2.111110949438457e+01
585 4 -2.111110949438457e+01
4 586  1.959540023590749e+01
586 4  1.959540023590749e+01
4 587 -7.777774388514674e+00
587 4 -7.777774388514674e+00
4 588 -1.776356839400250e-15
588 4 -1.776356839400250e-15
4 589 -1.218558850012165e+02
589 4 -1.218558850012165e+02
4 590  7.111110549676532e+01
590 4  7.111110549676532e+01
4 591  4.777777621438473e+01
591 4  4.777777621438473e+01
4 652  4.464475214531526e+00
652 4  4.464475214531526e+00
4 653  1.722221182623739e+01
653 4  1.722221182623739e+01
4 654  9.444437389481942e+00
654 4  9.444437389481942e+00
4 655  3.888874069836775e+00
655 4  3.888874069836775e+00
4 656 -3.552713678800501e-15
656 4 -3.552713678800501e-15
4 1162  2.145473192503506e+01
1162 4  2.145473192503506e+01
4 1163 -4.807124868050316e-14
1163 4 -4.807124868050316e-14
4 1164 -5.192241708260711e+00
1164 4 -5.192241708260711e+00
4 1534  3.888882753372956e+00
1534 4  3.888882753372956e+00
4 1536 -7.105427357601002e-15
1536 4 -7.105427357601002e-15
4 1798 -1.150782636375062e+01
1798 4 -1.150782636375062e+01
4 1799 -5.166664214709590e+01
1799 4 -5.166664214709590e+01
4 1800  3.525596057742671e+00
1800 4  3.525596057742671e+00
5 5  3.252171161489894e+02
5 6  1.122435724462568e+02
6 5  1.122435724462568e+02
5 25 -2.111111022832082e+01
25 5 -2.111111022832082e+01
5 26  5.759445796158973e+01
26 5  5.759445796158973e+01
5 27  1.463674858279676e+01
27 5  1.463674858279676e+01
5 28 -5.192278004705850e+00
28 5 -5.192278004705850e+00
5 29  1.598997391266626e+01
29 5  1.598997391266626e+01
5 30 -8.141056799999991e+00
30 5 -8.141056799999991e+00
5 85 -1.333333346666668e+01
85 5 -1.333333346666668e+01
5 86  2.256138682473964e+01
86 5  2.256138682473964e+01
5 87  1.463676449705259e+01
87 5  1.463676449705259e+01
5 157  1.722221428042927e+01
157 5  1.722221428042927e+01
5 158 -9.150135038143626e+00
158 5 -9.150135038143626e+00
5 159 -5.192279733333370e+00
159 5 -5.192279733333370e+00
5 184 -3.888880106509776e+00
184 5 -3.888880106509776e+00
5 185 -2.745039560436418e+01
185 5 -2.745039560436418e+01
5 186 -5.192279733333264e+00
186 5 -5.192279733333264e+00
5 313  2.666666602400828e+01
313 5  2.666666602400828e+01
5 314  4.886036640887879e+01
314 5  4.886036640887879e+01
5 315  2.666664326101208e+01
315 5  2.666664326101208e+01
5 559  9.444455038513922e+00
559 5  9.444455038513922e+00
5 560  1.339344089655266e+01
560 5  1.339344089655266e+01
5 561  8.141065497172731e+00
561 5  8.141065497172731e+00
5 562  3.525549928763743e+00
562 5  3.525549928763743e+00
5 563  5.158754692962505e+01
563 5  5.158754692962505e+01
5 564  6.132447902138678e+00
564 5  6.132447902138678e+00
5 565 -8.036329714225892e+01
565 5 -8.036329714225892e+01
5 566 -2.549869061147291e+02
566 5 -2.549869061147291e+02
5 567 -1.174144686090752e+02
567 5 -1.174144686090752e+02
5 568  7.435798393278017e+00
568 5  7.435798393278017e+00
5 569 -7.288883616325819e+01
569 5 -7.288883616325819e+01
5 570  2.442311078869130e+01
570 5  2.442311078869130e+01
5 571  8.141071920684709e+00
571 5  8.141071920684709e+00
5 572  4.120112211437417e+01
572 5  4.120112211437417e+01
5 573 -8.141060122024230e+00
573 5 -8.141060122024230e+00
5 574 -5.192242034258107e+00
574 5 -5.192242034258107e+00
5 575 -4.524667783503345e+00
575 5 -4.524667783503345e+00
5 576 -7.682146423164744e-14
576 5 -7.682146423164744e-14
5 577  4.777777520095452e+01
577 5  4.777777520095452e+01
5 578 -1.227480438769053e+02
578 5 -1.227480438769053e+02
5 579 -7.188035676080528e+01
579 5 -7.188035676080528e+01
5 580  1.639875808479019e-07
580 5  1.639875808479019e-07
5 581  3.889897685176975e+01
581 5  3.889897685176975e+01
5 582  2.797004886256779e+01
582 5  2.797004886256779e+01
5 583 -2.111110864494203e+01
583 5 -2.111110864494203e+01
5 584  4.428181458178332e+01
584 5  4.428181458178332e+01
5 585  1.852563033898760e+01
585 5  1.852563033898760e+01
5 586 -7.777774388514675e+00
586 5 -7.777774388514675e+00
5 587  5.930831777461204e+01
587 5  5.930831777461204e+01
5 588  2.797003088549576e+01
588 5  2.797003088549576e+01
5 589  7.111110549676532e+01
589 5  7.111110549676532e+01
5 590 -2.398902166736580e+02
590 5 -2.398902166736580e+02
5 591 -7.188029270428893e+01
591 5 -7.188029270428893e+01
5 652  1.722221182623739e+01
652 5  1.722221182623739e+01
5 653  4.464475214531519e+00
653 5  4.464475214531519e+00
5 654  8.141065497172743e+00
654 5  8.141065497172743e+00
5 655 -3.552713678800501e-15
655 5 -3.552713678800501e-15
5 656  2.111107998359407e+01
656 5  2.111107998359407e+01
5 657 -3.888908576890595e+00
657 5 -3.888908576890595e+00
5 1162 -4.796163466380676e-14
1162 5 -4.796163466380676e-14
5 1163  4.232511114088079e+00
1163 5  4.232511114088079e+00
5 1164 -4.529709940470639e-14
1164 5 -4.529709940470639e-14
5 1534  4.047733584329342e-16
1534 5  4.047733584329342e-16
5 1535 -5.555573996672203e+00
1535 5 -5.555573996672203e+00
5 1536 -3.888890999311681e+00
1536 5 -3.888890999311681e+00
5 1798 -5.166664214709590e+01
1798 5 -5.166664214709590e+01
5 1799 -1.150781146656053e+01
1799 5 -1.150781146656053e+01
5 1800  6.132465479717846e+00
1800 5  6.132465479717846e+00
6 6  3.252171370383430e+02
6 25 -1.333333346666670e+01
25 6 -1.333333346666670e+01
6 26  1.463674858279676e+01
26 6  1.463674858279676e+01
6 27  2.256136904651262e+01
27 6  2.256136904651262e+01
6 28 -5.192277989235373e+00
28 6 -5.192277989235373e+00
6 29 -8.141056799999994e+00
29 6 -8.141056799999994e+00
6 30  1.598998046826751e+01
30 6  1.598998046826751e+01
6 85 -2.111110938445105e+01
85 6 -2.111110938445105e+01
6 86  1.463676449705259e+01
86 6  1.463676449705259e+01
6 87  5.759448152170140e+01
87 6  5.759448152170140e+01
6 157 -3.888896002815280e+00
157 6 -3.888896002815280e+00
6 158 -5.192279733333367e+00
158 6 -5.192279733333367e+00
6 159 -2.745040511443029e+01
159 6 -2.745040511443029e+01
6 184  1.722222926740972e+01
184 6  1.722222926740972e+01
6 185 -5.192279733333264e+00
185 6 -5.192279733333264e+00
6 186 -9.150131868121600e+00
186 6 -9.150131868121600e+00
6 313  2.666666693333336e+01
313 6  2.666666693333336e+01
6 314  2.666664326101208e+01
314 6  2.666664326101208e+01
6 315  4.886036863844826e+01
315 6  4.886036863844826e+01
6 559  1.722222963925695e+01
559 6  1.722222963925695e+01
6 560  8.141065497172731e+00
560 6  8.141065497172731e+00
6 561  4.464480298850932e+00
561 6  4.464480298850932e+00
6 562 -5.166668790740966e+01
562 6 -5.166668790740966e+01
6 563  6.132447902138678e+00
563 6  6.132447902138678e+00
6 564 -1.150785952202593e+01
564 6 -1.150785952202593e+01
6 565 -8.036329769186074e+01
565 6 -8.036329769186074e+01
6 566 -1.174144686090752e+02
566 6 -1.174144686090752e+02
6 567 -2.549869177697845e+02
567 6 -2.549869177697845e+02
6 568  7.435798069259544e+00
568 6  7.435798069259544e+00
6 569  2.442311078869130e+01
569 6  2.442311078869130e+01
6 570 -7.288885988580802e+01
570 6 -7.288885988580802e+01
6 571  8.141072180843583e+00
571 6  8.141072180843583e+00
6 572 -8.141060122024230e+00
572 6 -8.141060122024230e+00
6 573  4.120114165411503e+01
573 6  4.120114165411503e+01
6 574 -7.815970093361102e-14
574 6 -7.815970093361102e-14
6 575 -7.638334409421077e-14
575 6 -7.638334409421077e-14
6 576  4.232522895012460e+00
576 6  4.232522895012460e+00
6 577  7.111110494767576e+01
577 6  7.111110494767576e+01
6 578 -7.188035676080528e+01
578 6 -7.188035676080528e+01
6 579 -2.398903229084266e+02
579 6 -2.398903229084266e+02
6 580 -7.777774957721927e+00
580 6 -7.777774957721927e+00
6 581  2.797004886256779e+01
581 6  2.797004886256779e+01
6 582  5.930835758227310e+01
582 6  5.930835758227310e+01
6 583 -2.111110949438457e+01
583 6 -2.111110949438457e+01
6 584  1.852563033898760e+01
584 6  1.852563033898760e+01
6 585  4.428181531911452e+01
585 6  4.428181531911452e+01
6 586 -3.552713678800501e-15
586 6 -3.552713678800501e-15
6 587  2.797003088549576e+01
587 6  2.797003088549576e+01
6 588  3.889893390256492e+01
588 6  3.889893390256492e+01
6 589  4.777777621438473e+01
589 6  4.777777621438473e+01
6 590 -7.188029270428893e+01
590 6 -7.188029270428893e+01
6 591 -1.227479608437285e+02
591 6 -1.227479608437285e+02
6 652  9.444437389481942e+00
652 6  9.444437389481942e+00
6 653  8.141065497172743e+00
653 6  8.141065497172743e+00
6 654  1.339342564359462e+01
654 6  1.339342564359462e+01
6 656 -3.888908576890594e+00
656 6 -3.888908576890594e+00
6 657 -5.555583704246996e+00
657 6 -5.555583704246996e+00
6 1162 -5.192241708260711e+00
1162 6 -5.192241708260711e+00
6 1163 -4.550368601456332e-14
1163 6 -4.550368601456332e-14
6 1164 -4.524687468683426e+00
1164 6 -4.524687468683426e+00
6 1534 -7.599853015537158e-15
1534 6 -7.599853015537158e-15
6 1535 -3.888890999311680e+00
1535 6 -3.888890999311680e+00
6 1536  2.111110501016402e+01
1536 6  2.111110501016402e+01
6 1798  3.525596057742671e+00
1798 6  3.525596057742671e+00
6 1799  6.132465479717846e+00
1799 6  6.132465479717846e+00
6 1800  5.158761006629352e+01
1800 6  5.158761006629352e+01
7 7  3.041064836324966e+02
7 8  1.689438561733709e+00
8 7  1.689438561733709e+00
7 9  1.689440683104806e+00
9 7  1.689440683104806e+00
7 52  6.313284356014731e+01
52 7  6.313284356014731e+01
7 53  4.818361046178737e+00
53 7  4.818361046178737e+00
7 54  4.818361117082771e+00
54 7  4.818361117082771e+00
7 55  3.658481745420208e+01
55 7  3.658481745420208e+01
7 56  4.911453342191555e+00
56 7  4.911453342191555e+00
7 57  1.824478690963883e+01
57 7  1.824478690963883e+01
7 115  3.563564355410071e+01
115 7  3.563564355410071e+01
7 116  1.749999898932506e+01
116 7  1.749999898932506e+01
7 117  4.166665566833114e+00
117 7  4.166665566833114e+00
7 319 -3.398447756697318e+01
319 7 -3.398447756697318e+01
7 320 -2.666666602400830e+01
320 7 -2.666666602400830e+01
7 321 -2.666666789317645e+01
321 7 -2.666666789317645e+01
7 700  9.064363061109674e+00
700 7  9.064363061109674e+00
7 701 -9.166669711983445e+00
701 7 -9.166669711983445e+00
7 702 -9.166668947402471e+00
702 7 -9.166668947402471e+00
7 826  4.915337419658273e+01
826 7  4.915337419658273e+01
7 827 -8.514972653578297e+00
827 7 -8.514972653578297e+00
7 828 -8.514972137561704e+00
828 7 -8.514972137561704e+00
7 850  9.166615505512668e+00
850 7  9.166615505512668e+00
7 851 -8.421878627843961e+00
851 7 -8.421878627843961e+00
7 852 -8.421878083129053e+00
852 7 -8.421878083129053e+00
7 865  4.496699492131046e+01
865 7  4.496699492131046e+01
7 866  2.241145174528109e+01
866 7  2.241145174528109e+01
7 867  2.241145353922055e+01
867 7  2.241145353922055e+01
7 868 -1.705709292826677e+02
868 7 -1.705709292826677e+02
7 869 -7.056314153009558e+01
869 7 -7.056314153009558e+01
7 870 -3.333330096094336e+00
870 7 -3.333330096094336e+00
7 871  5.846000949940553e-01
871 7  5.846000949940553e-01
7 872  7.943685357475562e+01
872 7  7.943685357475562e+01
7 873  7.943685351444606e+01
873 7  7.943685351444606e+01
7 874 -1.724212704401069e+02
874 7 -1.724212704401069e+02
7 875 -6.312478895356705e+00
875 7 -6.312478895356705e+00
7 876 -7.354229504176337e+01
876 7 -7.354229504176337e+01
7 877  4.526828347921565e+01
877 7  4.526828347921565e+01
7 878  2.231835906481447e+01
878 7  2.231835906481447e+01
7 879 -1.824478689439015e+01
879 7 -1.824478689439015e+01
7 880 -2.658053710401456e+02
880 7 -2.658053710401456e+02
7 881 -5.940110038169401e+00
881 7 -5.940110038169401e+00
7 882 -5.940111523202880e+00
882 7 -5.940111523202880e+00
7 1669  4.511802887022149e+01
1669 7  4.511802887022149e+01
7 1670 -1.749999884324455e+01
1670 7 -1.749999884324455e+01
7 1671  2.306314928639424e+01
1671 7  2.306314928639424e+01
8 8  3.034812134691231e+02
8 9 -1.689439381959751e+00
9 8 -1.689439381959751e+00
8 52  4.818361046178735e+00
52 8  4.818361046178735e+00
8 53  3.632724106741583e+01
53 8  3.632724106741583e+01
8 54 -1.815169458385140e+01
54 8 -1.815169458385140e+01
8 55  4.911453342191555e+00
55 8  4.911453342191555e+00
8 56  6.311183414124132e+01
56 8  6.311183414124132e+01
8 57 -4.911453443592821e+00
57 8 -4.911453443592821e+00
8 115  1.749999898932506e+01
115 8  1.749999898932506e+01
8 116  3.550169570137344e+01
116 8  3.550169570137344e+01
8 117 -4.166665587487611e+00
117 8 -4.166665587487611e+00
8 319 -2.666666602400830e+01
319 8 -2.666666602400830e+01
8 320 -3.378036250802595e+01
320 8 -3.378036250802595e+01
8 321  2.666666713540558e+01
321 8  2.666666713540558e+01
8 700 -9.166669711983445e+00
700 8 -9.166669711983445e+00
8 701  9.134524645763664e+00
701 8  9.134524645763664e+00
8 702  9.166669290376248e+00
702 8  9.166669290376248e+00
8 826 -8.514972653578297e+00
826 8 -8.514972653578297e+00
8 827  9.215209348977464e+00
827 8  9.215209348977464e+00
8 828  8.514972328445818e+00
828 8  8.514972328445818e+00
8 850 -8.421878627843959e+00
850 8 -8.421878627843959e+00
8 851  4.903029873769227e+01
851 8  4.903029873769227e+01
8 852  8.421878489084138e+00
852 8  8.421878489084138e+00
8 865  2.241145174528108e+01
865 8  2.241145174528108e+01
8 866  4.524182204303295e+01
866 8  4.524182204303295e+01
8 867  1.815169455718475e+01
867 8  1.815169455718475e+01
8 868 -7.056314153009559e+01
868 8 -7.056314153009559e+01
8 869 -1.699606595943461e+02
869 8 -1.699606595943461e+02
8 870  3.333329303664492e+00
870 8  3.333329303664492e+00
8 871  7.943685357475562e+01
871 8  7.943685357475562e+01
8 872  1.806960927416519e-01
872 8  1.806960927416519e-01
8 873 -7.943685459205074e+01
873 8 -7.943685459205074e+01
8 874 -6.312478895356691e+00
874 8 -6.312478895356691e+00
8 875 -2.656138195047445e+02
875 8 -2.656138195047445e+02
8 876  6.312479592190975e+00
876 8  6.312479592190975e+00
8 877  2.231835906481448e+01
877 8  2.231835906481448e+01
8 878  4.458091681287563e+01
878 8  4.458091681287563e+01
8 879 -2.231835983958350e+01
879 8 -2.231835983958350e+01
8 880 -5.940110038169401e+00
880 8 -5.940110038169401e+00
8 881 -1.715686384333562e+02
881 8 -1.715686384333562e+02
8 882  7.316992497893787e+01
882 8  7.316992497893787e+01
8 1669 -1.749999884324455e+01
1669 8 -1.749999884324455e+01
8 1670  4.511802798023547e+01
1670 8  4.511802798023547e+01
8 1671 -2.306314824676403e+01
1671 8 -2.306314824676403e+01
9 9  3.086700076746138e+02
9 52  4.818361117082771e+00
52 9  4.818361117082771e+00
9 53 -1.815169458385140e+01
53 9 -1.815169458385140e+01
9 54  3.748020730382308e+01
54 9  3.748020730382308e+01
9 55  1.824478690963883e+01
55 9  1.824478690963883e+01
9 56 -4.911453443592819e+00
56 9 -4.911453443592819e+00
9 57  3.760404822501727e+01
57 9  3.760404822501727e+01
9 115  4.166665566833114e+00
115 9  4.166665566833114e+00
9 116 -4.166665587487611e+00
116 9 -4.166665587487611e+00
9 117  6.327993537076901e+01
117 9  6.327993537076901e+01
9 319 -2.666666789317645e+01
319 9 -2.666666789317645e+01
9 320  2.666666713540558e+01
320 9  2.666666713540558e+01
9 321 -3.547419327762969e+01
321 9 -3.547419327762969e+01
9 700 -9.166668947402471e+00
700 9 -9.166668947402471e+00
9 701  9.166669290376248e+00
701 9  9.166669290376248e+00
9 702  5.004532976283089e+01
702 9  5.004532976283089e+01
9 826 -8.514972137561701e+00
826 9 -8.514972137561701e+00
9 827  8.514972328445818e+00
827 9  8.514972328445818e+00
9 828  8.674355275912049e+00
828 9  8.674355275912049e+00
9 850 -8.421878083129053e+00
850 9 -8.421878083129053e+00
9 851  8.421878489084135e+00
851 9  8.421878489084135e+00
9 852  8.696135232673884e+00
852 9  8.696135232673884e+00
9 865  2.241145353922055e+01
865 9  2.241145353922055e+01
9 866  1.815169455718474e+01
866 9  1.815169455718474e+01
9 867  4.524182352806645e+01
867 9  4.524182352806645e+01
9 868 -3.333330096094336e+00
868 9 -3.333330096094336e+00
9 869  3.333329303664492e+00
869 9  3.333329303664492e+00
9 870 -2.671153046744229e+02
870 9 -2.671153046744229e+02
9 871  7.943685351444606e+01
871 9  7.943685351444606e+01
9 872 -7.943685459205074e+01
872 9 -7.943685459205074e+01
9 873  3.532559004096605e+00
873 9  3.532559004096605e+00
9 874 -7.354229504176337e+01
874 9 -7.354229504176337e+01
9 875  6.312479592190975e+00
875 9  6.312479592190975e+00
9 876 -1.770001389396584e+02
876 9 -1.770001389396584e+02
9 877 -1.824478689439015e+01
877 9 -1.824478689439015e+01
9 878 -2.231835983958350e+01
878 9 -2.231835983958350e+01
9 879  4.526828404400194e+01
879 9  4.526828404400194e+01
9 880 -5.940111523202880e+00
880 9 -5.940111523202880e+00
9 881  7.316992497893787e+01
881 9  7.316992497893787e+01
9 882 -1.767571395895566e+02
882 9 -1.767571395895566e+02
9 1669  2.306314928639424e+01
1669 9  2.306314928639424e+01
9 1670 -2.306314824676403e+01
1670 9 -2.306314824676403e+01
9 1671  4.785409105946264e+01
1671 9  4.785409105946264e+01
10 10  4.000000681623766e+02
10 11  8.000001377415451e+01
11 10  8.000001377415451e+01
10 12 -8.000001377415450e+01
12 10 -8.000001377415450e+01
10 55  1.333333110866079e+01
55 10  1.333333110866079e+01
10 56  1.144008267672803e-06
56 10  1.144008267672803e-06
10 57  1.333333461067496e+01
57 10  1.333333461067496e+01
10 58  4.000000122525529e+01
58 10  4.000000122525529e+01
10 59  2.913704835627584e-06
59 10  2.913704835627584e-06
10 60 -2.913704832963049e-06
60 10 -2.913704832963049e-06
10 121  1.333333110866079e+01
121 10  1.333333110866079e+01
10 122 -1.333333461067495e+01
122 10 -1.333333461067495e+01
10 123 -1.144008265008267e-06
123 10 -1.144008265008267e-06
10 181 -1.333333390342189e+01
181 10 -1.333333390342189e+01
10 182  1.333333302991122e+01
182 10  1.333333302991122e+01
10 183 -1.144008278330944e-06
183 10 -1.144008278330944e-06
10 211 -4.000001216000317e+01
211 10 -4.000001216000317e+01
10 212  1.144008273001873e-06
212 10  1.144008273001873e-06
10 213 -1.144008283660014e-06
213 10 -1.144008283660014e-06
10 238 -1.333333390342187e+01
238 10 -1.333333390342187e+01
10 239  1.144008282771836e-06
239 10  1.144008282771836e-06
10 240 -1.333333302991121e+01
240 10 -1.333333302991121e+01
10 301  1.333333826436846e+02
301 10  1.333333826436846e+02
10 302  2.666666602400828e+01
302 10  2.666666602400828e+01
10 303 -2.666666602400828e+01
303 10 -2.666666602400828e+01
10 490  6.666666238632223e+01
490 10  6.666666238632223e+01
10 491  1.333333652789631e+01
491 10  1.333333652789631e+01
10 492 -1.333333652789633e+01
492 10 -1.333333652789633e+01
10 496  1.333333004707532e+01
496 10  1.333333004707532e+01
10 497  1.732825546163497e-06
497 10  1.732825546163497e-06
10 498  6.395935279749240e-15
498 10  6.395935279749240e-15
10 502  1.333333800888064e+01
502 10  1.333333800888064e+01
10 503  1.333333621466254e+01
503 10  1.333333621466254e+01
10 504 -1.333333065008879e+01
504 10 -1.333333065008879e+01
10 847  6.666668773592352e+01
847 10  6.666668773592352e+01
10 848  1.333333611925694e+01
848 10  1.333333611925694e+01
10 849  1.333333605067495e+01
849 10  1.333333605067495e+01
10 853 -7.372052186482847e-07
853 10 -7.372052186482847e-07
10 854 -3.552713678800501e-15
854 10 -3.552713678800501e-15
10 855 -6.217248937900877e-15
855 10 -6.217248937900877e-15
10 856  1.333333800888062e+01
856 10  1.333333800888062e+01
10 857  1.333333065008879e+01
857 10  1.333333065008879e+01
10 858 -1.333333621466254e+01
858 10 -1.333333621466254e+01
10 1369  4.000002864798483e+01
1369 10  4.000002864798483e+01
10 1370  1.333333621466254e+01
1370 10  1.333333621466254e+01
10 1371 -1.333333621466254e+01
1371 10 -1.333333621466254e+01
10 1378  6.666668773592355e+01
1378 10  6.666668773592355e+01
10 1379 -1.333333605067494e+01
1379 10 -1.333333605067494e+01
10 1380 -1.333333611925698e+01
1380 10 -1.333333611925698e+01
10 1381 -7.372052057696976e-07
1381 10 -7.372052057696976e-07
10 1382 -5.329070518200751e-15
1382 10 -5.329070518200751e-15
10 1383 -8.881784197001252e-16
1383 10 -8.881784197001252e-16
10 1384  1.333333004707533e+01
1384 10  1.333333004707533e+01
10 1385  3.521193979907607e-16
1385 10  3.521193979907607e-16
10 1386 -1.732825546163497e-06
1386 10 -1.732825546163497e-06
10 1387 -1.218573422612224e-06
1387 10 -1.218573422612224e-06
10 1388 -1.333333756883799e+01
1388 10 -1.333333756883799e+01
10 1389  3.999999841657790e+01
1389 10  3.999999841657790e+01
10 1390 -5.333334821579436e+02
1390 10 -5.333334821579436e+02
10 1391 -1.066666722572421e+02
1391 10 -1.066666722572421e+02
10 1392  1.066666722572421e+02
1392 10  1.066666722572421e+02
10 1393 -1.733333356509841e+02
1393 10 -1.733333356509841e+02
10 1394 -1.333334619479837e+01
1394 10 -1.333334619479837e+01
10 1395  1.333334619479836e+01
1395 10  1.333334619479836e+01
10 1396 -8.000000478569754e+01
1396 10 -8.000000478569754e+01
10 1397  4.000000239202485e+01
1397 10  4.000000239202485e+01
10 1398  1.333333809040255e+01
1398 10  1.333333809040255e+01
10 1486 -1.333334195034184e+01
1486 10 -1.333334195034184e+01
10 1487  3.731400039486145e-15
1487 10  3.731400039486145e-15
10 1488 -2.349795717559999e-06
1488 10 -2.349795717559999e-06
10 1558 -1.333334195034184e+01
1558 10 -1.333334195034184e+01
10 1559  2.349795718004088e-06
1559 10  2.349795718004088e-06
10 1560  4.309641335975076e-15
1560 10  4.309641335975076e-15
10 1570  6.666667829270649e+01
1570 10  6.666667829270649e+01
10 1571 -1.333333818580812e+01
1571 10 -1.333333818580812e+01
10 1572  1.333333818580815e+01
1572 10  1.333333818580815e+01
10 1573 -8.000000478569751e+01
1573 10 -8.000000478569751e+01
10 1574 -1.333333809040255e+01
1574 10 -1.333333809040255e+01
10 1575 -4.000000239202487e+01
1575 10 -4.000000239202487e+01
10 1660 -1.218573402184120e-06
1660 10 -1.218573402184120e-06
10 1661 -3.999999841657790e+01
1661 10 -3.999999841657790e+01
10 1662  1.333333756883797e+01
1662 10  1.333333756883797e+01
11 11  4.000000600975405e+02
11 12 -8.000001012317077e+01
12 11 -8.000001012317077e+01
11 55  1.144008267672803e-06
55 11  1.144008267672803e-06
11 56  3.999999292340151e+01
56 11  3.999999292340151e+01
11 57 -1.190460314326458e-06
57 11 -1.190460314326458e-06
11 58  2.913704836515763e-06
58 11  2.913704836515763e-06
11 59  1.333333803839544e+01
59 11  1.333333803839544e+01
11 60  1.333333642682357e+01
60 11  1.333333642682357e+01
11 121 -1.333333461067495e+01
121 11 -1.333333461067495e+01
11 122  1.333332746979536e+01
122 11  1.333332746979536e+01
11 123 -1.190460314326458e-06
123 11 -1.190460314326458e-06
11 181  1.333333302991122e+01
181 11  1.333333302991122e+01
11 182 -1.333333390342188e+01
182 11 -1.333333390342188e+01
11 183 -2.960156885833953e-06
183 11 -2.960156885833953e-06
11 211  1.144008273001873e-06
211 11  1.144008273001873e-06
11 212 -1.333333738666773e+01
212 11 -1.333333738666773e+01
11 213 -1.333332954666667e+01
213 11 -1.333332954666667e+01
11 238  1.144008279219122e-06
238 11  1.144008279219122e-06
11 239 -4.000000171026564e+01
239 11 -4.000000171026564e+01
11 240 -2.960156892939381e-06
240 11 -2.960156892939381e-06
11 301  2.666666602400828e+01
301 11  2.666666602400828e+01
11 302  1.333333845272321e+02
302 11  1.333333845272321e+02
11 303 -2.666666809524870e+01
303 11 -2.666666809524870e+01
11 490  1.333333652789631e+01
490 11  1.333333652789631e+01
11 491  6.666667807214711e+01
491 11  6.666667807214711e+01
11 492  1.333333771034047e+01
492 11  1.333333771034047e+01
11 496  1.732825545275318e-06
496 11  1.732825545275318e-06
11 497 -1.333333723675551e+01
497 11 -1.333333723675551e+01
11 498  1.312509480158193e-16
498 11  1.312509480158193e-16
11 502  1.333333621466255e+01
502 11  1.333333621466255e+01
11 503  4.000001402664186e+01
503 11  4.000001402664186e+01
11 504 -1.333333750080076e+01
504 11 -1.333333750080076e+01
11 847  1.333333611925694e+01
847 11  1.333333611925694e+01
11 848  6.666666927879254e+01
848 11  6.666666927879254e+01
11 849 -1.333333718756686e+01
849 11 -1.333333718756686e+01
11 853 -2.270782497336407e-15
853 11 -2.270782497336407e-15
11 854  1.333333177145519e+01
854 11  1.333333177145519e+01
11 855 -3.136891727706370e-06
855 11 -3.136891727706370e-06
11 856  1.333333065008879e+01
856 11  1.333333065008879e+01
11 857  1.333333800888063e+01
857 11  1.333333800888063e+01
11 858 -1.333333750080078e+01
858 11 -1.333333750080078e+01
11 1369  1.333333621466254e+01
1369 11  1.333333621466254e+01
11 1370  1.333334288266161e+01
1370 11  1.333334288266161e+01
11 1371 -1.333332954666667e+01
1371 11 -1.333332954666667e+01
11 1378 -1.333333605067494e+01
1378 11 -1.333333605067494e+01
11 1379  6.666668214034151e+01
1379 11  6.666668214034151e+01
11 1380 -1.333333718756685e+01
1380 11 -1.333333718756685e+01
11 1381 -4.935317310417084e-15
1381 11 -4.935317310417084e-15
11 1382 -1.333333472027605e+01
1382 11 -1.333333472027605e+01
11 1383 -3.136891733035441e-06
1383 11 -3.136891733035441e-06
11 1384  3.521193979907607e-16
1384 11  3.521193979907607e-16
11 1385 -1.797420044802323e-06
1385 11 -1.797420044802323e-06
11 1386 -1.424237339231326e-15
1386 11 -1.424237339231326e-15
11 1387 -1.333333756883800e+01
1387 11 -1.333333756883800e+01
11 1388  6.666665623092166e+01
1388 11  6.666665623092166e+01
11 1389  1.333334778467293e+01
1389 11  1.333334778467293e+01
11 1390 -1.066666722572421e+02
1390 11 -1.066666722572421e+02
11 1391 -5.333334682905877e+02
1391 11 -5.333334682905877e+02
11 1392  1.066666766035589e+02
1392 11  1.066666766035589e+02
11 1393 -1.333334619479837e+01
1393 11 -1.333334619479837e+01
11 1394 -8.000002522143154e+01
1394 11 -8.000002522143154e+01
11 1395 -4.000001200398761e+01
1395 11 -4.000001200398761e+01
11 1396  4.000000239202485e+01
1396 11  4.000000239202485e+01
11 1397 -7.999999292544291e+01
1397 11 -7.999999292544291e+01
11 1398  1.333333915871234e+01
1398 11  1.333333915871234e+01
11 1486  3.552713678800501e-15
1486 11  3.552713678800501e-15
11 1487 -4.154213007367957e-06
1487 11 -4.154213007367957e-06
11 1488 -1.776356839400250e-15
1488 11 -1.776356839400250e-15
11 1558  2.349795718892267e-06
1558 11  2.349795718892267e-06
11 1559  1.333332533348979e+01
1559 11  1.333332533348979e+01
11 1560  4.262205754671250e-15
1560 11  4.262205754671250e-15
11 1570 -1.333333818580812e+01
1570 11 -1.333333818580812e+01
11 1571  1.028473081898795e-05
1571 11  1.028473081898795e-05
11 1572  3.999998864000003e+01
1572 11  3.999998864000003e+01
11 1573 -1.333333809040254e+01
1573 11 -1.333333809040254e+01
11 1574 -1.733333118572072e+02
1574 11 -1.733333118572072e+02
11 1575  1.333333915871234e+01
1575 11  1.333333915871234e+01
11 1660 -3.999999841657790e+01
1660 11 -3.999999841657790e+01
11 1661 -1.882738460246003e-06
1661 11 -1.882738460246003e-06
11 1662  1.333334778467295e+01
1662 11  1.333334778467295e+01
12 12  4.000000600975405e+02
12 55  1.333333461067496e+01
55 12  1.333333461067496e+01
12 56 -1.190460314326458e-06
56 12 -1.190460314326458e-06
12 57  1.333332746979537e+01
57 12  1.333332746979537e+01
12 58 -2.913704832963049e-06
58 12 -2.913704832963049e-06
12 59  1.333333642682357e+01
59 12  1.333333642682357e+01
12 60  1.333333803839543e+01
60 12  1.333333803839543e+01
12 121 -1.144008265008267e-06
121 12 -1.144008265008267e-06
12 122 -1.190460312550101e-06
122 12 -1.190460312550101e-06
12 123  3.999999292340149e+01
123 12  3.999999292340149e+01
12 181 -1.144008277442765e-06
181 12 -1.144008277442765e-06
12 182 -2.960156886722132e-06
182 12 -2.960156886722132e-06
12 183 -4.000000171026566e+01
183 12 -4.000000171026566e+01
12 211 -1.144008282771836e-06
211 12 -1.144008282771836e-06
12 212 -1.333332954666667e+01
212 12 -1.333332954666667e+01
12 213 -1.333333738666773e+01
213 12 -1.333333738666773e+01
12 238 -1.333333302991121e+01
238 12 -1.333333302991121e+01
12 239 -2.960156892939381e-06
239 12 -2.960156892939381e-06
12 240 -1.333333390342188e+01
240 12 -1.333333390342188e+01
12 301 -2.666666602400828e+01
301 12 -2.666666602400828e+01
12 302 -2.666666809524870e+01
302 12 -2.666666809524870e+01
12 303  1.333333845272320e+02
303 12  1.333333845272320e+02
12 490 -1.333333652789633e+01
490 12 -1.333333652789633e+01
12 491  1.333333771034047e+01
491 12  1.333333771034047e+01
12 492  6.666667807214711e+01
492 12  6.666667807214711e+01
12 496  5.329070518200751e-15
496 12  5.329070518200751e-15
